2 0.53203125 0.34296875 0.0203125 0.0515625
2 0.3921875 0.59375 0.0484375 0.13515625
1 0.06484375 0.58125 0.040625 0.13671875
1 0.13359375 0.653125 0.05234375 0.146875
1 0.18046875 0.84609375 0.06328125 0.19140625
1 0.19921875 0.55234375 0.0375 0.1328125
1 0.4296875 0.47421875 0.04296875 0.1140625
1 0.45 0.4140625 0.0328125 0.11015625
1 0.49609375 0.37421875 0.028125 0.10078125
1 0.56328125 0.48359375 0.04453125 0.10703125
0 0.65390625 0.49140625 0.0203125 0.034375
1 0.7390625 0.4734375 0.040625 0.109375
1 0.803125 0.42421875 0.0375 0.0921875
1 0.78203125 0.57734375 0.06015625 0.14140625
1 0.88984375 0.55078125 0.04453125 0.13828125