1 0.121875 0.45234375 0.04140625 0.115625
1 0.05703125 0.51640625 0.04765625 0.125
1 0.153125 0.68359375 0.0546875 0.12578125
1 0.2796875 0.66171875 0.046875 0.1390625
1 0.3484375 0.52421875 0.04140625 0.11796875
1 0.41015625 0.43515625 0.03046875 0.0953125
1 0.375 0.36796875 0.02265625 0.08046875
1 0.30625 0.3671875 0.02421875 0.07890625
1 0.51015625 0.43125 0.04375 0.1109375
1 0.65625 0.39921875 0.0265625 0.09453125
2 0.66953125 0.459375 0.02734375 0.09921875
1 0.6453125 0.52421875 0.03984375 0.11484375
1 0.7828125 0.4703125 0.04296875 0.11015625
1 0.709375 0.39609375 0.03671875 0.0875
1 0.8734375 0.5296875 0.03203125 0.11328125
1 0.90078125 0.49140625 0.0328125 0.10390625
1 0.9625 0.46015625 0.03203125 0.109375
2 0.0859375 0.34296875 0.04765625 0.07109375