1 0.10234375 0.4671875 0.034375 0.10390625
1 0.1390625 0.5109375 0.02578125 0.1359375
0 0.190625 0.56875 0.025 0.0375
1 0.31796875 0.58046875 0.028125 0.11875
1 0.334375 0.596875 0.0265625 0.12109375
1 0.3796875 0.46875 0.02734375 0.0890625
2 0.46953125 0.4796875 0.03046875 0.1
1 0.446875 0.61328125 0.0328125 0.1359375
1 0.403125 0.709375 0.03671875 0.1265625
1 0.54140625 0.5859375 0.03359375 0.115625
1 0.59140625 0.51015625 0.0265625 0.1078125
1 0.61171875 0.4859375 0.021875 0.11171875
1 0.63828125 0.47578125 0.02265625 0.1109375
1 0.6859375 0.48984375 0.02734375 0.08984375
1 0.703125 0.51640625 0.0296875 0.103125
1 0.76875 0.49140625 0.01171875 0.0328125
1 0.79140625 0.5046875 0.0234375 0.09765625
1 0.7765625 0.53828125 0.02421875 0.1015625
1 0.84765625 0.503125 0.015625 0.0390625
1 0.85390625 0.54609375 0.025 0.08828125
1 0.8453125 0.5984375 0.03359375 0.11171875
1 0.8140625 0.6203125 0.034375 0.1328125