2 0.01953125 0.5375 0.0390625 0.1109375
1 0.03828125 0.459375 0.0390625 0.1109375
1 0.19765625 0.41796875 0.01875 0.0984375
1 0.25546875 0.44609375 0.025 0.0875
1 0.28125 0.53828125 0.03671875 0.11015625
1 0.296875 0.70625 0.040625 0.13359375
1 0.3296875 0.77890625 0.04921875 0.14453125
1 0.35546875 0.66640625 0.0390625 0.09921875
1 0.36328125 0.5796875 0.0296875 0.0546875
1 0.4203125 0.63828125 0.05703125 0.13203125
1 0.28828125 0.440625 0.0296875 0.0921875
1 0.3109375 0.4640625 0.02734375 0.11953125
1 0.35703125 0.48125 0.034375 0.09921875
1 0.4 0.48125 0.02734375 0.12890625
1 0.753125 0.60859375 0.0625 0.12421875
0 0.8203125 0.634375 0.021875 0.0390625
1 0.553125 0.40859375 0.02734375 0.109375