1 0.02109375 0.2984375 0.02421875 0.08125
1 0.2171875 0.51328125 0.04375 0.10390625
1 0.25546875 0.5328125 0.0359375 0.09765625
1 0.2890625 0.58515625 0.03828125 0.1109375
1 0.328125 0.61796875 0.059375 0.1
1 0.2375 0.77265625 0.07265625 0.13671875
1 0.25859375 0.3890625 0.0296875 0.08046875
1 0.3109375 0.46796875 0.0296875 0.10546875
1 0.35234375 0.38125 0.03515625 0.0875
0 0.28515625 0.60703125 0.009375 0.0171875
1 0.6484375 0.359375 0.028125 0.0890625
1 0.67734375 0.24453125 0.02109375 0.05859375
1 0.7046875 0.43828125 0.0328125 0.09453125
1 0.65390625 0.47109375 0.0390625 0.08984375
1 0.79453125 0.53203125 0.03515625 0.12578125
1 0.665625 0.70625 0.03671875 0.13046875
2 0.74609375 0.39296875 0.03203125 0.084375
2 0.5953125 0.18359375 0.0171875 0.05859375