1 0.05703125 0.49609375 0.0453125 0.103125
1 0.08046875 0.42265625 0.04140625 0.09609375
2 0.3015625 0.45625 0.046875 0.10859375
1 0.19296875 0.7671875 0.0609375 0.17734375
1 0.47578125 0.63046875 0.0484375 0.115625
1 0.47578125 0.54765625 0.046875 0.109375
1 0.51796875 0.53359375 0.025 0.11484375
1 0.54609375 0.58046875 0.03828125 0.07109375
1 0.56015625 0.5046875 0.04921875 0.11875
1 0.64609375 0.5578125 0.03984375 0.10390625
1 0.61171875 0.646875 0.0625 0.10390625
1 0.6703125 0.6578125 0.04296875 0.140625
1 0.6515625 0.421875 0.05 0.09453125
1 0.80390625 0.48046875 0.0390625 0.11953125
1 0.875 0.54140625 0.02734375 0.10078125
1 0.88828125 0.62421875 0.03203125 0.121875
0 0.4984375 0.55546875 0.01328125 0.03671875