1 0.04921875 0.51171875 0.05234375 0.16015625
1 0.02109375 0.9203125 0.0421875 0.159375
1 0.13984375 0.69921875 0.06015625 0.18515625
1 0.2734375 0.81640625 0.07109375 0.22734375
1 0.275 0.5890625 0.05 0.16953125
1 0.35078125 0.51328125 0.0484375 0.1484375
1 0.3859375 0.625 0.04453125 0.175
1 0.46328125 0.44765625 0.025 0.10234375
1 0.49296875 0.45859375 0.03046875 0.1359375
1 0.46953125 0.48125 0.028125 0.12890625
1 0.57421875 0.4359375 0.028125 0.0578125
1 0.609375 0.4734375 0.03671875 0.13125
1 0.57109375 0.5234375 0.04609375 0.13125
1 0.5484375 0.5921875 0.0421875 0.15390625
1 0.61875 0.6015625 0.05 0.16171875
1 0.83515625 0.803125 0.06015625 0.19140625
1 0.6375 0.40703125 0.034375 0.16171875
0 0.45 0.33984375 0.01328125 0.02421875