1 0.04453125 0.47890625 0.03046875 0.08671875
1 0.09140625 0.5 0.03359375 0.07734375
1 0.315625 0.5171875 0.0328125 0.08203125
1 0.3109375 0.459375 0.01953125 0.0515625
2 0.37890625 0.5046875 0.0421875 0.09453125
1 0.0984375 0.93203125 0.06875 0.1359375
1 0.5109375 0.62890625 0.0453125 0.11953125
1 0.4578125 0.44609375 0.03046875 0.07578125
1 0.4234375 0.40546875 0.0296875 0.0765625
1 0.59296875 0.5234375 0.03359375 0.0859375
1 0.58828125 0.45546875 0.03046875 0.06875
1 0.64375 0.421875 0.0328125 0.08203125
1 0.73515625 0.48203125 0.03046875 0.09609375
1 0.63984375 0.5484375 0.01875 0.084375
1 0.66015625 0.57265625 0.04375 0.0953125
1 0.909375 0.66171875 0.05 0.11171875
1 0.75546875 0.50703125 0.03359375 0.0875
1 0.8140625 0.50078125 0.03125 0.10546875
1 0.87890625 0.51875 0.02734375 0.1109375
1 0.80625 0.3859375 0.02578125 0.078125
0 0.5796875 0.59140625 0.015625 0.0375