2 0.09140625 0.43359375 0.04765625 0.11015625
1 0.26015625 0.46640625 0.0359375 0.109375
1 0.3375 0.3890625 0.028125 0.10390625
1 0.3609375 0.38828125 0.0375 0.08671875
1 0.4203125 0.45859375 0.0234375 0.1015625
1 0.45703125 0.45078125 0.03515625 0.1109375
1 0.4328125 0.5828125 0.028125 0.11953125
1 0.37421875 0.68671875 0.03359375 0.12734375
1 0.61640625 0.77109375 0.05625 0.16640625
1 0.66484375 0.7703125 0.053125 0.1421875
1 0.6546875 0.62578125 0.03671875 0.13671875
1 0.68828125 0.60546875 0.03515625 0.12421875
1 0.525 0.47734375 0.0359375 0.10546875
1 0.55234375 0.44453125 0.03125 0.1046875
1 0.659375 0.390625 0.028125 0.103125
0 0.46953125 0.58046875 0.021875 0.034375