1 0.0671875 0.61171875 0.03984375 0.1234375
1 0.07265625 0.53984375 0.01953125 0.02734375
1 0.12421875 0.5546875 0.03828125 0.1375
1 0.171875 0.54375 0.02421875 0.1203125
1 0.19375 0.52734375 0.02890625 0.1171875
1 0.175 0.4671875 0.01640625 0.0515625
1 0.21640625 0.525 0.021875 0.1078125
1 0.22109375 0.46171875 0.0125 0.03828125
1 0.2515625 0.5203125 0.021875 0.1171875
1 0.3046875 0.5515625 0.0359375 0.125
2 0.2640625 0.59140625 0.04375 0.134375
1 0.271875 0.4859375 0.028125 0.11171875
1 0.30078125 0.4640625 0.0234375 0.1015625
1 0.3328125 0.4421875 0.028125 0.11015625
1 0.48125 0.45390625 0.03671875 0.1140625
1 0.60703125 0.5375 0.04453125 0.14140625
1 0.6578125 0.38125 0.028125 0.0953125
1 0.76328125 0.496875 0.03828125 0.13046875
1 0.9296875 0.503125 0.0296875 0.13125
1 0.94296875 0.3859375 0.028125 0.09296875
1 0.9859375 0.603125 0.028125 0.14296875
0 0.859375 0.41171875 0.015625 0.0296875