1 0.08125 0.37890625 0.03515625 0.1125
1 0.07265625 0.72109375 0.05078125 0.178125
1 0.1609375 0.50546875 0.04375 0.12890625
1 0.246875 0.43125 0.04140625 0.14375
2 0.3203125 0.38515625 0.040625 0.1140625
1 0.340625 0.35234375 0.02734375 0.103125
1 0.453125 0.37734375 0.04140625 0.09453125
1 0.44921875 0.4109375 0.03203125 0.11015625
1 0.57109375 0.46640625 0.03203125 0.1125
1 0.4609375 0.51328125 0.05078125 0.11875
1 0.6171875 0.4484375 0.0390625 0.12109375
1 0.6578125 0.37421875 0.0375 0.121875
1 0.6578125 0.471875 0.0359375 0.11640625
1 0.69453125 0.4734375 0.0453125 0.12734375
1 0.79921875 0.39140625 0.0328125 0.09609375
1 0.82890625 0.41640625 0.0515625 0.09921875
1 0.878125 0.55234375 0.06015625 0.1125
0 0.91484375 0.48671875 0.01953125 0.0359375