1 0.06484375 0.3640625 0.02734375 0.0828125
1 0.37109375 0.3234375 0.03125 0.08046875
1 0.48515625 0.4640625 0.03828125 0.09375
1 0.56953125 0.41796875 0.02578125 0.08359375
1 0.6078125 0.30390625 0.0265625 0.06640625
1 0.7375 0.2359375 0.025 0.06328125
1 0.603125 0.53359375 0.0546875 0.1140625
0 0.61328125 0.56875 0.01953125 0.0375
1 0.76796875 0.446875 0.028125 0.0921875
2 0.7875 0.478125 0.0359375 0.0828125
1 0.78828125 0.5859375 0.0375 0.12734375
1 0.78828125 0.30859375 0.0296875 0.08046875
1 0.8234375 0.325 0.02578125 0.0828125
1 0.86953125 0.3 0.01640625 0.059375
1 0.90234375 0.35625 0.0265625 0.07109375
1 0.9671875 0.35078125 0.01796875 0.07109375
1 0.965625 0.4296875 0.02890625 0.09140625
1 0.97578125 0.40625 0.0140625 0.08203125
1 0.98984375 0.375 0.01953125 0.08984375
1 0.86015625 0.8984375 0.03828125 0.12578125
1 0.4203125 0.81171875 0.02578125 0.13828125