1 0.04453125 0.34453125 0.02890625 0.07421875
1 0.07578125 0.39609375 0.0328125 0.08046875
1 0.2359375 0.7890625 0.05234375 0.1515625
1 0.16640625 0.46640625 0.03125 0.13203125
1 0.2390625 0.47109375 0.03828125 0.1234375
2 0.440625 0.45078125 0.028125 0.08671875
1 0.4265625 0.57421875 0.04140625 0.11875
1 0.49296875 0.53515625 0.0453125 0.09609375
1 0.5734375 0.5484375 0.03671875 0.09296875
1 0.58203125 0.51640625 0.01953125 0.08359375
1 0.66171875 0.575 0.03984375 0.1234375
1 0.60078125 0.76015625 0.05234375 0.153125
1 0.49375 0.384375 0.040625 0.06796875
1 0.55546875 0.36796875 0.028125 0.08046875
1 0.7765625 0.41796875 0.028125 0.03125
1 0.7859375 0.4875 0.0359375 0.1046875
1 0.98515625 0.36328125 0.028125 0.078125