1 0.23125 0.440625 0.034375 0.11328125
2 0.14609375 0.6375 0.04453125 0.1484375
1 0.1890625 0.621875 0.03203125 0.1421875
1 0.24296875 0.70703125 0.0484375 0.1546875
1 0.30390625 0.5234375 0.0390625 0.1234375
1 0.36796875 0.5203125 0.025 0.12578125
1 0.39453125 0.515625 0.0203125 0.11484375
1 0.4625 0.6078125 0.034375 0.12265625
1 0.45625 0.77578125 0.04921875 0.18046875
1 0.46953125 0.49375 0.034375 0.1234375
1 0.5015625 0.4953125 0.02890625 0.11875
0 0.496875 0.38359375 0.0234375 0.0375
1 0.53046875 0.51640625 0.025 0.1328125
1 0.57734375 0.47578125 0.02578125 0.1140625
1 0.6078125 0.4890625 0.03046875 0.12890625
1 0.66015625 0.45859375 0.0265625 0.1125
1 0.703125 0.46171875 0.03671875 0.1125
1 0.75703125 0.7140625 0.05234375 0.1796875
1 0.90390625 0.5328125 0.03125 0.12734375
1 0.94375 0.575 0.03203125 0.134375
1 0.88046875 0.41875 0.02421875 0.11015625