1 0.090625 0.58984375 0.0328125 0.10859375
1 0.19296875 0.5953125 0.0265625 0.10390625
1 0.22578125 0.77265625 0.03046875 0.121875
1 0.30078125 0.71640625 0.03046875 0.128125
1 0.60859375 0.78125 0.03828125 0.1234375
1 0.27578125 0.36640625 0.02578125 0.06875
1 0.359375 0.49296875 0.025 0.0921875
1 0.334375 0.34140625 0.025 0.05625
1 0.54375 0.3265625 0.02265625 0.053125
1 0.5765625 0.41640625 0.02578125 0.07890625
1 0.640625 0.459375 0.02734375 0.084375
1 0.82265625 0.3828125 0.02109375 0.06640625
1 0.89765625 0.38046875 0.0203125 0.07421875
1 0.6359375 0.66328125 0.0421875 0.1
1 0.6484375 0.609375 0.028125 0.06953125
2 0.678125 0.44765625 0.025 0.08359375
0 0.59140625 0.5859375 0.0203125 0.03671875
2 0.44140625 0.24921875 0.015625 0.0453125