1 0.11796875 0.47109375 0.02578125 0.0640625
0 0.01328125 0.54296875 0.01484375 0.0296875
1 0.33125 0.515625 0.02578125 0.07265625
1 0.35234375 0.475 0.02265625 0.07109375
1 0.3828125 0.44921875 0.01875 0.06875
1 0.390625 0.4390625 0.01640625 0.059375
1 0.41015625 0.43046875 0.01796875 0.07109375
1 0.43125 0.4453125 0.02109375 0.059375
1 0.4515625 0.45859375 0.02421875 0.06796875
1 0.5078125 0.42578125 0.02578125 0.07734375
1 0.5453125 0.4375 0.02421875 0.0859375
1 0.55546875 0.51640625 0.0296875 0.08671875
2 0.59375 0.48046875 0.02578125 0.065625
1 0.61875 0.48984375 0.02265625 0.07109375
1 0.6828125 0.50390625 0.02578125 0.06953125
1 0.621875 0.40859375 0.02421875 0.05
1 0.71328125 0.42265625 0.02265625 0.07109375
1 0.7359375 0.43515625 0.021875 0.075
1 0.88515625 0.5625 0.0296875 0.10078125
1 0.89453125 0.478125 0.02578125 0.08203125