1 0.02265625 0.43046875 0.0453125 0.1328125
1 0.146875 0.5671875 0.071875 0.1359375
1 0.30234375 0.56953125 0.04765625 0.12734375
1 0.2953125 0.3921875 0.040625 0.11796875
1 0.34765625 0.3890625 0.0421875 0.103125
1 0.321875 0.4546875 0.04296875 0.1203125
1 0.5015625 0.37890625 0.0390625 0.115625
1 0.51640625 0.46484375 0.0484375 0.13046875
2 0.5828125 0.490625 0.06015625 0.1578125
1 0.575 0.28671875 0.03125 0.08359375
0 0.61640625 0.3109375 0.0171875 0.025
1 0.88828125 0.33828125 0.03984375 0.08984375
1 0.89140625 0.38046875 0.046875 0.10859375
1 0.96328125 0.384375 0.04296875 0.12421875
1 0.85 0.7640625 0.053125 0.165625
1 0.98203125 0.4515625 0.03515625 0.08828125
1 0.98125 0.534375 0.03671875 0.11875
1 0.99453125 0.52890625 0.01015625 0.0015625
2 0.3328125 0.20390625 0.02890625 0.059375