1 0.04296875 0.27265625 0.034375 0.1
1 0.1765625 0.62578125 0.0484375 0.184375
1 0.25 0.346875 0.02890625 0.09609375
2 0.35546875 0.32265625 0.03359375 0.096875
1 0.4546875 0.35 0.03828125 0.10234375
1 0.43046875 0.47734375 0.03203125 0.1140625
1 0.5625 0.434375 0.04609375 0.11015625
1 0.515625 0.2921875 0.01640625 0.11015625
1 0.5296875 0.29609375 0.02109375 0.10234375
1 0.61796875 0.3265625 0.0234375 0.10390625
1 0.659375 0.38671875 0.02421875 0.0875
1 0.67109375 0.39296875 0.028125 0.08828125
1 0.7328125 0.36328125 0.0328125 0.134375
1 0.8046875 0.41875 0.03125 0.12109375
1 0.7703125 0.50234375 0.03984375 0.12578125
1 0.753125 0.6875 0.059375 0.1375
1 0.875 0.5296875 0.0375 0.121875
0 0.74296875 0.71640625 0.0140625 0.02109375
1 0.9296875 0.275 0.034375 0.109375