1 0.03046875 0.39375 0.0359375 0.1203125
2 0.371875 0.44140625 0.03359375 0.11171875
1 0.2578125 0.6859375 0.05703125 0.16796875
1 0.571875 0.49375 0.0390625 0.13828125
1 0.40234375 0.49921875 0.04609375 0.13203125
1 0.39453125 0.39609375 0.02578125 0.07734375
1 0.4671875 0.365625 0.0375 0.0890625
1 0.48984375 0.3515625 0.025 0.0984375
0 0.5046875 0.39140625 0.01484375 0.02734375
1 0.59453125 0.38046875 0.03046875 0.090625
1 0.63203125 0.36328125 0.0390625 0.11015625
1 0.71015625 0.48671875 0.0328125 0.13984375
1 0.64296875 0.32890625 0.01875 0.03125
1 0.753125 0.39765625 0.0375 0.11953125
1 0.63671875 0.6328125 0.05 0.16484375