1 0.1921875 0.31484375 0.02734375 0.08359375
1 0.24921875 0.5359375 0.03671875 0.10390625
1 0.23125 0.67109375 0.0453125 0.1234375
1 0.34921875 0.61015625 0.04609375 0.13515625
1 0.34609375 0.4515625 0.02890625 0.09765625
1 0.38046875 0.53125 0.02265625 0.11328125
1 0.4078125 0.58828125 0.02734375 0.1234375
1 0.434375 0.4703125 0.0390625 0.11015625
1 0.53125 0.40859375 0.025 0.10078125
1 0.6265625 0.5109375 0.04609375 0.103125
1 0.70703125 0.4140625 0.0359375 0.1046875
1 0.778125 0.31015625 0.03046875 0.0859375
1 0.79140625 0.4390625 0.0203125 0.06953125
2 0.796875 0.4953125 0.034375 0.11640625
1 0.9171875 0.60859375 0.034375 0.13984375
1 0.909375 0.83515625 0.0546875 0.16328125
2 0.84609375 0.2171875 0.0234375 0.07421875
0 0.38515625 0.5671875 0.015625 0.034375