1 0.33828125 0.45234375 0.028125 0.10078125
1 0.48515625 0.48984375 0.0265625 0.09453125
1 0.46484375 0.565625 0.03359375 0.11875
1 0.6203125 0.4875 0.03671875 0.096875
1 0.68671875 0.52734375 0.0296875 0.10234375
1 0.70234375 0.59140625 0.03359375 0.11640625
1 0.7265625 0.5875 0.0171875 0.059375
2 0.74375 0.6 0.021875 0.1203125
1 0.46796875 0.83671875 0.04765625 0.2015625
1 0.83203125 0.69765625 0.0359375 0.146875
1 0.94375 0.70625 0.04609375 0.13671875
1 0.93671875 0.52421875 0.03671875 0.10625
2 0.90546875 0.35 0.0234375 0.07265625