1 0.16484375 0.3265625 0.0328125 0.0890625
1 0.08515625 0.4546875 0.04921875 0.1203125
1 0.05703125 0.5890625 0.04765625 0.1359375
1 0.26015625 0.66484375 0.06328125 0.1546875
1 0.23671875 0.36875 0.03203125 0.1171875
2 0.325 0.49609375 0.04765625 0.1359375
1 0.47890625 0.49296875 0.05 0.1296875
1 0.50546875 0.3359375 0.03515625 0.0953125
1 0.55234375 0.3140625 0.02734375 0.096875
1 0.6484375 0.3953125 0.0421875 0.10859375
1 0.8390625 0.50703125 0.05234375 0.11875
1 0.88671875 0.48046875 0.04921875 0.12890625
1 0.9796875 0.6484375 0.03828125 0.1265625
1 0.96328125 0.71640625 0.05234375 0.1609375
0 0.19296875 0.359375 0.01953125 0.0328125