1 0.06015625 0.43125 0.034375 0.09609375
2 0.00859375 0.5953125 0.0171875 0.128125
1 0.1875 0.45859375 0.03828125 0.10625
1 0.2078125 0.40703125 0.02890625 0.0828125
1 0.3421875 0.44609375 0.0328125 0.09609375
1 0.38125 0.63828125 0.046875 0.14453125
1 0.4578125 0.525 0.040625 0.1015625
0 0.52578125 0.5125 0.01484375 0.03203125
0 0.5671875 0.4796875 0.03203125 0.103125
2 0.1390625 0.3578125 0.02109375 0.08125
1 0.7125 0.77890625 0.05859375 0.18359375
1 0.88359375 0.6625 0.04765625 0.16484375
1 0.96171875 0.53828125 0.03671875 0.13984375