1 0.125 0.428125 0.04140625 0.103125
1 0.1171875 0.5125 0.0359375 0.109375
1 0.1875 0.64375 0.0546875 0.12734375
1 0.25 0.58515625 0.05625 0.1328125
1 0.325 0.51328125 0.04921875 0.13359375
1 0.4234375 0.3796875 0.025 0.06953125
1 0.43984375 0.3640625 0.0265625 0.0859375
1 0.340625 0.82421875 0.06796875 0.16171875
1 0.5234375 0.43828125 0.03203125 0.10546875
1 0.56875 0.45 0.034375 0.103125
2 0.59296875 0.434375 0.02734375 0.11328125
1 0.66015625 0.3859375 0.02421875 0.075
1 0.70546875 0.38359375 0.03125 0.0671875
1 0.709375 0.346875 0.0296875 0.06875
0 0.68046875 0.3953125 0.01484375 0.03125
1 0.87109375 0.4234375 0.03203125 0.115625
1 0.7625 0.55390625 0.0609375 0.12578125
1 0.9921875 0.55078125 0.015625 0.13828125
1 0.25390625 0.3125 0.03203125 0.07265625