1 0.06328125 0.6078125 0.06484375 0.1546875
1 0.103125 0.44609375 0.03828125 0.09921875
1 0.2 0.4921875 0.0421875 0.08125
1 0.30625 0.39765625 0.034375 0.1015625
1 0.4140625 0.490625 0.04296875 0.1140625
0 0.41171875 0.53125 0.01484375 0.0390625
1 0.353125 0.70625 0.06171875 0.17109375
1 0.36796875 0.86953125 0.0546875 0.153125
1 0.62265625 0.4828125 0.0390625 0.10625
2 0.4265625 0.36171875 0.03125 0.08125
1 0.47890625 0.29140625 0.02265625 0.07421875
1 0.57578125 0.35078125 0.03671875 0.08203125
1 0.6078125 0.325 0.021875 0.09765625
1 0.64609375 0.30546875 0.0234375 0.084375
1 0.6953125 0.33125 0.0234375 0.08046875
1 0.70078125 0.40546875 0.03671875 0.08828125
1 0.76640625 0.38828125 0.03359375 0.07890625
1 0.79140625 0.4234375 0.0390625 0.09453125
1 0.7890625 0.32578125 0.03515625 0.084375
1 0.74453125 0.6109375 0.05859375 0.13359375
1 0.9578125 0.6734375 0.0609375 0.134375