1 0.075 0.45546875 0.02734375 0.07734375
1 0.14609375 0.57578125 0.03359375 0.09140625
1 0.34140625 0.47890625 0.034375 0.07265625
1 0.33359375 0.625 0.03125 0.09375
1 0.44921875 0.90234375 0.04609375 0.1375
1 0.4921875 0.41328125 0.0234375 0.0734375
1 0.51015625 0.42109375 0.0234375 0.075
1 0.6078125 0.49140625 0.02578125 0.07734375
1 0.77890625 0.46640625 0.01328125 0.0828125
1 0.8046875 0.4546875 0.0234375 0.07578125
1 0.8953125 0.58984375 0.03046875 0.1015625
1 0.8390625 0.3703125 0.01953125 0.04609375
1 0.7390625 0.58203125 0.03046875 0.08515625
2 0.9953125 0.4765625 0.009375 0.0921875
0 0.1265625 0.48046875 0.0171875 0.0359375