1 0.0453125 0.55234375 0.0375 0.13046875
1 0.078125 0.528125 0.0328125 0.121875
1 0.21015625 0.53203125 0.04375 0.096875
1 0.196875 0.621875 0.04140625 0.115625
1 0.28671875 0.4546875 0.025 0.096875
1 0.309375 0.5203125 0.0328125 0.10234375
1 0.32578125 0.559375 0.0375 0.11015625
1 0.4140625 0.61796875 0.053125 0.13203125
1 0.4265625 0.496875 0.04140625 0.11953125
2 0.45 0.41015625 0.02421875 0.07578125
1 0.44921875 0.5875 0.03203125 0.115625
1 0.4984375 0.6140625 0.03125 0.11953125
1 0.52734375 0.578125 0.0375 0.11875
0 0.49765625 0.54921875 0.01796875 0.0265625
1 0.60625 0.62578125 0.03984375 0.13671875
1 0.66953125 0.66171875 0.040625 0.13671875
2 0.709375 0.59609375 0.046875 0.13203125
1 0.85390625 0.815625 0.06171875 0.18203125
1 0.94921875 0.609375 0.05234375 0.11875