1 0.15859375 0.56484375 0.0484375 0.13671875
1 0.3 0.5875 0.0328125 0.13671875
1 0.346875 0.5171875 0.03359375 0.12265625
2 0.43671875 0.59375 0.03203125 0.1390625
1 0.38046875 0.75234375 0.04609375 0.17734375
1 0.4578125 0.54140625 0.028125 0.12578125
1 0.5546875 0.6125 0.03203125 0.1578125
1 0.7171875 0.5046875 0.0375 0.115625
1 0.71796875 0.61953125 0.04453125 0.13125
1 0.81953125 0.684375 0.03203125 0.15
1 0.8375 0.640625 0.01796875 0.121875
1 0.85703125 0.6375 0.0296875 0.15859375
1 0.94765625 0.63359375 0.04765625 0.13984375