1 0.3171875 0.38203125 0.03984375 0.10859375
1 0.3921875 0.32109375 0.02578125 0.07421875
0 0.39921875 0.34921875 0.0125 0.0203125
1 0.4296875 0.38671875 0.03203125 0.1171875
1 0.4640625 0.34140625 0.02578125 0.0859375
2 0.46953125 0.41875 0.0265625 0.121875
1 0.40234375 0.57109375 0.03984375 0.13046875
1 0.33203125 0.68671875 0.05 0.165625
1 0.5015625 0.74609375 0.05078125 0.15078125
1 0.63359375 0.53359375 0.0359375 0.1375
1 0.665625 0.35390625 0.021875 0.05234375
1 0.6734375 0.42421875 0.028125 0.11875
1 0.7046875 0.37578125 0.02734375 0.10625
1 0.76640625 0.4859375 0.0453125 0.1328125
1 0.81484375 0.54921875 0.04609375 0.13515625
1 0.8671875 0.43125 0.0296875 0.12890625