1 0.0390625 0.53125 0.03828125 0.08046875
1 0.33671875 0.51953125 0.02890625 0.07578125
1 0.41015625 0.5921875 0.03671875 0.09765625
1 0.3875 0.48984375 0.025 0.06796875
1 0.40390625 0.46953125 0.021875 0.07109375
1 0.4375 0.48046875 0.01875 0.06796875
1 0.45859375 0.478125 0.021875 0.0625
1 0.4828125 0.50703125 0.02109375 0.0578125
1 0.47578125 0.459375 0.015625 0.06953125
1 0.54140625 0.4546875 0.02578125 0.0609375
1 0.55546875 0.48203125 0.0296875 0.07109375
1 0.61484375 0.53671875 0.0375 0.075
1 0.6625 0.425 0.02734375 0.07109375
1 0.70859375 0.44140625 0.02265625 0.04609375
2 0.709375 0.50625 0.02421875 0.06796875
1 0.72421875 0.53828125 0.0296875 0.09296875
1 0.7703125 0.5671875 0.0375 0.09375
1 0.79296875 0.4765625 0.0265625 0.0890625
1 0.89296875 0.6015625 0.0390625 0.11484375
1 0.9203125 0.50625 0.03515625 0.07890625