1 0.06640625 0.3609375 0.06328125 0.1921875
1 0.30546875 0.19375 0.053125 0.13046875
1 0.49375 0.5484375 0.05703125 0.18828125
2 0.61484375 0.37578125 0.05625 0.1984375
1 0.696875 0.4125 0.053125 0.1609375
1 0.74609375 0.5078125 0.0578125 0.18125
1 0.903125 0.44140625 0.07265625 0.1828125
1 0.86875 0.66328125 0.08671875 0.1265625
1 0.6453125 0.171875 0.0546875 0.15
1 0.57890625 0.0828125 0.05078125 0.13515625
1 0.84453125 0.13984375 0.0359375 0.134375
1 0.84375 0.24296875 0.05078125 0.1703125
0 0.17265625 0.7140625 0.03671875 0.07265625