2 0.9390625 0.5375 0.02578125 0.1171875
1 0.88984375 0.540625 0.025 0.09453125
1 0.15625 0.47109375 0.0234375 0.08125
1 0.1140625 0.42734375 0.02578125 0.08359375
1 0.0671875 0.41953125 0.0296875 0.06875
2 0.03671875 0.415625 0.01796875 0.075
1 0.01640625 0.4375 0.02265625 0.084375
1 0.00625 0.51953125 0.0125 0.11796875
1 0.1765625 0.41640625 0.02109375 0.07578125
1 0.2265625 0.43046875 0.021875 0.078125
1 0.24765625 0.41953125 0.02421875 0.07890625
1 0.32109375 0.4109375 0.02265625 0.07734375
1 0.34453125 0.42265625 0.0234375 0.078125
1 0.3671875 0.40625 0.02578125 0.08203125
1 0.3375 0.3796875 0.0171875 0.028125
0 0.8875 0.565625 0.0140625 0.01484375