1 0.0171875 0.3640625 0.02734375 0.0859375
1 0.0171875 0.63515625 0.02734375 0.1296875
1 0.1640625 0.43671875 0.028125 0.09140625
1 0.23984375 0.459375 0.03515625 0.09921875
1 0.2515625 0.6125 0.0296875 0.140625
1 0.4234375 0.6375 0.0390625 0.146875
1 0.4578125 0.571875 0.03203125 0.1171875
1 0.66640625 0.7328125 0.0640625 0.1359375
1 0.80703125 0.696875 0.06640625 0.11015625
1 0.790625 0.52734375 0.04921875 0.09921875
1 0.61328125 0.40078125 0.03125 0.10625
1 0.65859375 0.44375 0.0328125 0.0953125
1 0.4328125 0.3546875 0.02890625 0.08984375
1 0.36796875 0.38515625 0.03125 0.08125
2 0.2671875 0.4265625 0.02890625 0.08203125
2 0.0921875 0.20703125 0.021875 0.046875
0 0.85703125 0.68515625 0.021875 0.03515625