1 0.04609375 0.55546875 0.04765625 0.1140625
1 0.06875 0.53828125 0.03671875 0.11328125
2 0.10546875 0.621875 0.05078125 0.15078125
1 0.14765625 0.5328125 0.040625 0.1359375
1 0.17265625 0.5109375 0.0359375 0.12421875
1 0.20234375 0.509375 0.0375 0.1203125
1 0.19921875 0.45859375 0.02109375 0.06015625
1 0.22421875 0.4671875 0.01796875 0.06640625
1 0.23984375 0.50078125 0.03125 0.109375
1 0.27734375 0.47109375 0.03984375 0.1
1 0.31953125 0.4453125 0.03046875 0.109375
1 0.378125 0.47578125 0.0328125 0.10234375
1 0.4140625 0.5625 0.04453125 0.125
1 0.6328125 0.49296875 0.04140625 0.1125
1 0.63671875 0.38515625 0.025 0.08828125
1 0.875 0.384375 0.0328125 0.075
1 0.8625 0.5203125 0.0375 0.15859375
1 0.9375 0.615625 0.03828125 0.1453125
0 0.8578125 0.41484375 0.01171875 0.025
2 0.6140625 0.30078125 0.0296875 0.07890625