2 0.028125 0.3015625 0.03125 0.0984375
1 0.05703125 0.32734375 0.03125 0.09921875
1 0.01875 0.51171875 0.03046875 0.1484375
1 0.27734375 0.68984375 0.07578125 0.19765625
1 0.29296875 0.44375 0.0375 0.1421875
1 0.3921875 0.446875 0.0421875 0.12734375
1 0.37421875 0.30859375 0.040625 0.1015625
1 0.42734375 0.33515625 0.03515625 0.09921875
1 0.6640625 0.34453125 0.034375 0.0953125
0 0.66953125 0.37109375 0.01640625 0.0265625
2 0.7578125 0.47890625 0.0453125 0.14609375
1 0.83359375 0.4859375 0.04140625 0.165625
1 0.77421875 0.6796875 0.05625 0.18046875
1 0.98046875 0.41640625 0.03828125 0.13984375