1 0.33671875 0.32265625 0.02890625 0.07734375
1 0.4328125 0.28046875 0.01484375 0.06328125
1 0.45703125 0.3421875 0.0234375 0.08125
1 0.54921875 0.4703125 0.025 0.09140625
1 0.53359375 0.5484375 0.03203125 0.1140625
0 0.57109375 0.56640625 0.0234375 0.0328125
2 0.69140625 0.421875 0.03203125 0.09140625
1 0.6421875 0.29765625 0.01875 0.06796875
1 0.75625 0.3140625 0.03046875 0.0640625
1 0.73203125 0.4203125 0.025 0.103125
1 0.84921875 0.55546875 0.03671875 0.10625
1 0.8046875 0.27265625 0.01953125 0.06328125
1 0.840625 0.3515625 0.01796875 0.06875
1 0.85234375 0.31328125 0.01953125 0.05625
1 0.884375 0.325 0.0171875 0.071875
1 0.96015625 0.35859375 0.01484375 0.04921875
1 0.965625 0.396875 0.021875 0.08515625
1 0.98046875 0.55390625 0.0390625 0.09140625
1 0.71015625 0.85 0.04140625 0.18046875
1 0.64609375 0.21875 0.01484375 0.0328125