1 0.096875 0.43515625 0.0328125 0.0765625
1 0.08359375 0.525 0.03828125 0.09296875
1 0.1625 0.4890625 0.03125 0.084375
1 0.1828125 0.6734375 0.03984375 0.121875
1 0.28046875 0.66328125 0.0359375 0.11875
1 0.3390625 0.52578125 0.04140625 0.08515625
1 0.29609375 0.40390625 0.01875 0.0625
1 0.31015625 0.4125 0.021875 0.06875
1 0.384375 0.46015625 0.028125 0.09453125
1 0.53359375 0.4625 0.03125 0.08359375
1 0.56328125 0.434375 0.02890625 0.07265625
1 0.60625 0.4171875 0.02265625 0.06796875
2 0.6015625 0.4671875 0.02578125 0.08125
1 0.58984375 0.5328125 0.028125 0.09765625
1 0.671875 0.49375 0.03125 0.0984375
1 0.753125 0.534375 0.03203125 0.0828125
1 0.78359375 0.51015625 0.03203125 0.09765625
1 0.8421875 0.5609375 0.0359375 0.09140625
1 0.88203125 0.4890625 0.03125 0.10234375
2 0.1203125 0.38046875 0.021875 0.059375