1 0.109375 0.521875 0.03125 0.11015625
0 0.1546875 0.5796875 0.01953125 0.04296875
1 0.303125 0.5859375 0.0453125 0.1078125
1 0.29453125 0.690625 0.03515625 0.140625
1 0.3984375 0.5953125 0.03125 0.10859375
1 0.3796875 0.4890625 0.0328125 0.084375
1 0.48203125 0.60078125 0.02734375 0.12265625
1 0.5125 0.57890625 0.03515625 0.1203125
2 0.52265625 0.49453125 0.025 0.09921875
1 0.61484375 0.50703125 0.0265625 0.1203125
1 0.65078125 0.50625 0.02734375 0.10703125
1 0.678125 0.478125 0.01796875 0.04765625
1 0.68828125 0.50859375 0.0296875 0.08984375
1 0.7109375 0.51875 0.02734375 0.09609375
1 0.7734375 0.5453125 0.040625 0.10859375
1 0.79921875 0.49765625 0.01875 0.03203125
1 0.803125 0.55234375 0.028125 0.10859375
1 0.84296875 0.55234375 0.02421875 0.10078125
1 0.86484375 0.59140625 0.04296875 0.11171875
1 0.9046875 0.5953125 0.0296875 0.13046875