1 0.13125 0.48359375 0.04921875 0.16953125
1 0.35546875 0.603125 0.06640625 0.16484375
1 0.634375 0.50859375 0.053125 0.16796875
1 0.65546875 0.62890625 0.0734375 0.184375
1 0.68125 0.49921875 0.03203125 0.16796875
1 0.6796875 0.3984375 0.03359375 0.0375
1 0.71796875 0.55546875 0.04609375 0.18671875
1 0.77265625 0.52421875 0.040625 0.221875
1 0.79765625 0.4453125 0.03671875 0.075
1 0.821875 0.534375 0.05234375 0.18984375
1 0.86328125 0.4578125 0.0546875 0.1625
1 0.91796875 0.51640625 0.05625 0.17578125
2 0.946875 0.7328125 0.07890625 0.21953125