1 0.1171875 0.49296875 0.02421875 0.10703125
1 0.1515625 0.43203125 0.02578125 0.096875
1 0.17734375 0.56953125 0.02578125 0.12734375
1 0.21640625 0.58828125 0.04140625 0.1234375
1 0.359375 0.60234375 0.040625 0.1265625
1 0.32109375 0.4453125 0.02265625 0.0859375
2 0.3703125 0.47109375 0.028125 0.10859375
1 0.48359375 0.48671875 0.03515625 0.11015625
1 0.409375 0.75078125 0.0375 0.16328125
1 0.50859375 0.58203125 0.03203125 0.1265625
1 0.528125 0.45703125 0.02734375 0.0984375
1 0.58125 0.45625 0.0265625 0.08984375
1 0.62265625 0.50859375 0.02578125 0.11328125
1 0.66328125 0.4671875 0.0328125 0.09296875
1 0.65546875 0.59609375 0.028125 0.128125
1 0.740625 0.6375 0.03515625 0.13359375
1 0.7 0.53359375 0.03125 0.11796875
1 0.71015625 0.4625 0.02421875 0.07265625
1 0.728125 0.4984375 0.02109375 0.121875
1 0.75546875 0.54375 0.02734375 0.1203125
1 0.82265625 0.5453125 0.02890625 0.11171875