1 0.35078125 0.55234375 0.0359375 0.10859375
1 0.24765625 0.68046875 0.0578125 0.12890625
1 0.28671875 0.6734375 0.03984375 0.13359375
0 0.31875 0.69375 0.0171875 0.034375
1 0.65703125 0.44609375 0.034375 0.09921875
1 0.35 0.384375 0.046875 0.0828125
1 0.6890625 0.54453125 0.028125 0.10703125
1 0.69765625 0.68515625 0.03671875 0.1453125
1 0.7125 0.86015625 0.05859375 0.1640625
1 0.84765625 0.58984375 0.0328125 0.11953125
1 0.8703125 0.428125 0.02734375 0.08515625
1 0.91640625 0.609375 0.0390625 0.13203125