1 0.090625 0.36484375 0.03828125 0.10234375
1 0.23984375 0.3296875 0.034375 0.1
1 0.28203125 0.32109375 0.0453125 0.096875
1 0.31171875 0.4171875 0.0359375 0.10703125
1 0.28671875 0.44296875 0.0359375 0.10625
2 0.30234375 0.53828125 0.03671875 0.125
1 0.39765625 0.66328125 0.05703125 0.1515625
1 0.478125 0.59921875 0.04609375 0.1421875
1 0.4015625 0.37578125 0.03359375 0.09140625
1 0.4078125 0.2828125 0.02734375 0.07265625
1 0.709375 0.3578125 0.04140625 0.10625
0 0.5140625 0.4203125 0.02109375 0.0359375
1 0.6390625 0.46953125 0.03828125 0.115625
1 0.83203125 0.40390625 0.028125 0.121875
1 0.85390625 0.42265625 0.0328125 0.11015625
2 0.22578125 0.246875 0.021875 0.07109375