1 0.1171875 0.75390625 0.053125 0.159375
1 0.2453125 0.6046875 0.0546875 0.1640625
0 0.26484375 0.6484375 0.01875 0.04765625
1 0.3453125 0.484375 0.0375 0.10234375
1 0.22578125 0.35625 0.02890625 0.0828125
1 0.4734375 0.52734375 0.0328125 0.13203125
1 0.54609375 0.57734375 0.04765625 0.11640625
1 0.64453125 0.70703125 0.053125 0.14296875
1 0.6 0.33828125 0.02734375 0.065625
1 0.64375 0.3546875 0.02109375 0.071875
1 0.68359375 0.4015625 0.02890625 0.09921875
1 0.6125 0.28046875 0.01796875 0.06796875
1 0.95234375 0.3390625 0.03125 0.1
2 0.953125 0.42421875 0.0296875 0.09921875
1 0.89765625 0.51875 0.028125 0.12890625
1 0.9296875 0.9015625 0.05 0.196875
2 0.45625 0.22890625 0.01875 0.053125