1 0.03828125 0.71015625 0.05078125 0.171875
1 0.18515625 0.534375 0.053125 0.1453125
1 0.103125 0.4390625 0.04296875 0.1109375
1 0.06875 0.359375 0.03359375 0.1
1 0.309375 0.325 0.025 0.0828125
1 0.37421875 0.64375 0.04765625 0.1421875
0 0.3625 0.771875 0.02265625 0.046875
1 0.51640625 0.26171875 0.028125 0.059375
2 0.584375 0.44296875 0.03046875 0.09609375
1 0.59140625 0.36796875 0.01796875 0.08046875
1 0.67265625 0.30234375 0.02421875 0.0703125
1 0.68359375 0.4265625 0.0296875 0.10859375
1 0.73671875 0.55234375 0.04140625 0.14453125
1 0.7875 0.54765625 0.03828125 0.13671875
1 0.68203125 0.71171875 0.03671875 0.1453125
1 0.5671875 0.73125 0.06484375 0.15625
1 0.84375 0.38203125 0.02578125 0.0890625
1 0.865625 0.4140625 0.025 0.08671875