1 0.0671875 0.5390625 0.059375 0.140625
1 0.14921875 0.365625 0.0265625 0.07890625
1 0.27578125 0.46953125 0.040625 0.1203125
1 0.315625 0.4375 0.0375 0.1109375
1 0.23828125 0.3484375 0.03046875 0.078125
1 0.278125 0.3484375 0.03203125 0.09296875
1 0.5109375 0.35703125 0.02734375 0.10234375
2 0.503125 0.46796875 0.040625 0.1171875
1 0.684375 0.4703125 0.0328125 0.121875
1 0.7265625 0.45703125 0.034375 0.125
1 0.8109375 0.55703125 0.0359375 0.12890625
1 0.75390625 0.82265625 0.0703125 0.15859375
0 0.13515625 0.3875 0.01328125 0.01796875