1 0.12890625 0.55546875 0.04296875 0.11796875
1 0.27578125 0.54375 0.03984375 0.1171875
1 0.04765625 0.9265625 0.0359375 0.146875
1 0.39453125 0.8359375 0.0640625 0.17890625
1 0.51640625 0.77890625 0.05078125 0.1453125
1 0.328125 0.56484375 0.0453125 0.09921875
1 0.390625 0.5375 0.025 0.096875
1 0.409375 0.521875 0.01796875 0.0953125
2 0.4390625 0.5171875 0.034375 0.1140625
0 0.41953125 0.56953125 0.01328125 0.0296875
1 0.53984375 0.63828125 0.0515625 0.1125
1 0.6125 0.60859375 0.05625 0.12734375
1 0.71796875 0.5625 0.0359375 0.11796875
1 0.7546875 0.5875 0.0328125 0.13359375
1 0.81640625 0.67109375 0.046875 0.14453125