1 0.02421875 0.340625 0.0265625 0.09140625
2 0.0703125 0.4421875 0.02890625 0.0953125
1 0.0875 0.39765625 0.0265625 0.08671875
1 0.2 0.45 0.0328125 0.0953125
1 0.125 0.64140625 0.04453125 0.140625
1 0.26875 0.68125 0.04375 0.12890625
1 0.4875 0.4265625 0.0390625 0.07890625
1 0.784375 0.6015625 0.0359375 0.08125
1 0.28203125 0.46484375 0.04453125 0.0859375
1 0.21953125 0.3609375 0.025 0.08046875
1 0.303125 0.3640625 0.02109375 0.090625
1 0.365625 0.375 0.02109375 0.07890625
1 0.39140625 0.3375 0.028125 0.08828125
1 0.00703125 0.38359375 0.0140625 0.0953125
0 0.771875 0.61796875 0.0171875 0.03125
2 0.92109375 0.5390625 0.03828125 0.11484375