1 0.18828125 0.5484375 0.0453125 0.1109375
1 0.2828125 0.48203125 0.02578125 0.13046875
1 0.3078125 0.4828125 0.0265625 0.1046875
1 0.384375 0.5 0.0390625 0.11875
1 0.34609375 0.66796875 0.03984375 0.15703125
1 0.54453125 0.58046875 0.02734375 0.10546875
2 0.559375 0.61796875 0.0421875 0.1234375
1 0.5484375 0.4859375 0.03203125 0.096875
1 0.47421875 0.44140625 0.025 0.10859375
1 0.60078125 0.5203125 0.04140625 0.1234375
1 0.58984375 0.47265625 0.03125 0.1
1 0.58046875 0.4515625 0.03359375 0.10859375
1 0.671875 0.36171875 0.04296875 0.08203125
1 0.67578125 0.40703125 0.040625 0.0828125
1 0.69453125 0.43828125 0.02578125 0.10234375
1 0.7546875 0.4578125 0.040625 0.1375
1 0.9546875 0.67421875 0.0734375 0.1671875
2 0.628125 0.30703125 0.0203125 0.08046875