1 0.009375 0.275 0.01875 0.08046875
1 0.06640625 0.4546875 0.0296875 0.10546875
1 0.0890625 0.5328125 0.05078125 0.1125
1 0.1046875 0.4171875 0.04140625 0.0953125
1 0.228125 0.30625 0.028125 0.08203125
1 0.2484375 0.34765625 0.03125 0.0890625
1 0.2578125 0.6234375 0.03828125 0.1390625
1 0.3609375 0.74609375 0.04453125 0.16953125
1 0.49765625 0.58125 0.04375 0.134375
1 0.46484375 0.43984375 0.0359375 0.10546875
1 0.6578125 0.33984375 0.03046875 0.09765625
1 0.73828125 0.4546875 0.03203125 0.10546875
1 0.8328125 0.478125 0.03046875 0.11484375
1 0.80390625 0.803125 0.05 0.1578125
0 0.7109375 0.42734375 0.01171875 0.03203125