1 0.13359375 0.45703125 0.0453125 0.16875
1 0.23984375 0.51171875 0.0609375 0.078125
1 0.29453125 0.3984375 0.059375 0.1375
1 0.39921875 0.53984375 0.04765625 0.19296875
1 0.41171875 0.35703125 0.0359375 0.13515625
1 0.43359375 0.4203125 0.046875 0.15390625
1 0.440625 0.3203125 0.02265625 0.04296875
2 0.55234375 0.4171875 0.03515625 0.1515625
1 0.565625 0.34765625 0.01484375 0.053125
1 0.74921875 0.49765625 0.05 0.16171875
1 0.7578125 0.65234375 0.06796875 0.178125
1 0.8015625 0.4546875 0.034375 0.1625
1 0.87109375 0.55234375 0.04375 0.19609375