1 0.1484375 0.496875 0.034375 0.13046875
1 0.1703125 0.5703125 0.0375 0.1359375
1 0.20625 0.5359375 0.03671875 0.14140625
1 0.32734375 0.40546875 0.04609375 0.10625
0 0.27890625 0.35859375 0.01171875 0.034375
1 0.3453125 0.35078125 0.028125 0.07890625
1 0.45390625 0.353125 0.03359375 0.1046875
2 0.346875 0.3125 0.0140625 0.028125
1 0.471875 0.48671875 0.04296875 0.11640625
1 0.38984375 0.75234375 0.05625 0.184375
2 0.72421875 0.4890625 0.04765625 0.12890625
1 0.7484375 0.45546875 0.0375 0.115625
1 0.771875 0.3828125 0.03671875 0.11328125
1 0.94453125 0.4484375 0.0453125 0.10703125
1 0.9578125 0.359375 0.03046875 0.08515625