1 0.1265625 0.35078125 0.0390625 0.0859375
1 0.18046875 0.53203125 0.05625 0.09921875
1 0.14296875 0.61171875 0.04765625 0.11171875
0 0.1515625 0.60859375 0.01640625 0.03515625
1 0.28671875 0.3859375 0.0265625 0.0890625
1 0.4328125 0.51484375 0.0375 0.0984375
1 0.490625 0.53828125 0.03671875 0.11640625
1 0.621875 0.63046875 0.0421875 0.16015625
1 0.6953125 0.628125 0.03828125 0.14765625
2 0.71953125 0.4125 0.028125 0.0953125
1 0.5484375 0.38046875 0.02734375 0.10859375
1 0.50859375 0.34375 0.0234375 0.090625
1 0.4640625 0.315625 0.03359375 0.09375
1 0.396875 0.27109375 0.02421875 0.07890625
1 0.81328125 0.3015625 0.03046875 0.103125
1 0.7984375 0.4484375 0.0375 0.121875
1 0.8765625 0.32109375 0.028125 0.07421875
1 0.921875 0.35859375 0.02421875 0.07578125
1 0.925 0.40546875 0.021875 0.06875
1 0.91953125 0.47734375 0.03046875 0.090625
1 0.94609375 0.5828125 0.03125 0.125