1 0.2375 0.5875 0.06015625 0.11640625
0 0.27109375 0.55859375 0.01640625 0.02578125
1 0.271875 0.5640625 0.02578125 0.134375
1 0.31015625 0.56015625 0.04296875 0.11015625
1 0.48828125 0.63984375 0.04765625 0.13125
2 0.5265625 0.67109375 0.04296875 0.14765625
1 0.52421875 0.54453125 0.03984375 0.12890625
1 0.5859375 0.60859375 0.04296875 0.12578125
1 0.6453125 0.62734375 0.034375 0.125
1 0.6546875 0.6015625 0.015625 0.053125
1 0.665625 0.58046875 0.0125 0.11875
1 0.67578125 0.5859375 0.021875 0.128125
1 0.7125 0.5421875 0.0296875 0.12109375
1 0.7359375 0.55625 0.02421875 0.14140625
1 0.70703125 0.67578125 0.0359375 0.13203125
1 0.7484375 0.6546875 0.03515625 0.14765625
1 0.7765625 0.5328125 0.03671875 0.12109375
1 0.79765625 0.5125 0.02890625 0.13203125