1 0.10703125 0.578125 0.04453125 0.11875
1 0.24140625 0.7609375 0.0546875 0.1546875
1 0.36796875 0.53984375 0.03359375 0.1125
1 0.41796875 0.61328125 0.03984375 0.11484375
1 0.428125 0.49296875 0.03828125 0.0921875
1 0.46015625 0.48046875 0.028125 0.09765625
1 0.50078125 0.47578125 0.0375 0.07265625
1 0.51953125 0.4171875 0.021875 0.04453125
1 0.6 0.478125 0.02890625 0.0671875
1 0.621875 0.51640625 0.034375 0.09765625
2 0.5546875 0.58046875 0.0421875 0.11171875
1 0.5890625 0.61796875 0.0359375 0.11328125
1 0.75078125 0.52578125 0.0375 0.09453125
1 0.8359375 0.5796875 0.05234375 0.10703125
1 0.896875 0.6421875 0.034375 0.11875
1 0.95859375 0.659375 0.03515625 0.12109375