1 0.27421875 0.3953125 0.02890625 0.096875
1 0.33125 0.56484375 0.03515625 0.0546875
1 0.33671875 0.6328125 0.03515625 0.10859375
1 0.4796875 0.4875 0.03125 0.096875
1 0.61484375 0.44453125 0.03359375 0.08828125
1 0.665625 0.44921875 0.02109375 0.08671875
1 0.69375 0.45078125 0.02109375 0.08203125
1 0.64296875 0.55859375 0.03359375 0.1171875
1 0.709375 0.58125 0.04453125 0.125
1 0.784375 0.46171875 0.02265625 0.10078125
1 0.91484375 0.5390625 0.040625 0.115625
1 0.815625 0.63671875 0.03046875 0.09765625
1 0.78828125 0.75234375 0.04921875 0.1265625
2 0.84609375 0.609375 0.02421875 0.09609375
1 0.85859375 0.646875 0.02890625 0.115625
0 0.5375 0.7921875 0.021875 0.0421875
2 0.85859375 0.33125 0.02109375 0.046875