1 0.1140625 0.37578125 0.034375 0.0921875
1 0.20078125 0.39296875 0.03984375 0.09921875
1 0.01484375 0.6046875 0.0296875 0.12890625
1 0.3078125 0.51875 0.03671875 0.1140625
1 0.28203125 0.91953125 0.05078125 0.1609375
1 0.38984375 0.36953125 0.03515625 0.06328125
1 0.4359375 0.403125 0.0359375 0.11328125
1 0.3984375 0.47421875 0.03671875 0.1078125
1 0.50859375 0.4640625 0.025 0.10859375
1 0.52578125 0.38046875 0.01953125 0.10546875
1 0.5484375 0.31171875 0.0203125 0.0859375
1 0.70234375 0.34140625 0.02578125 0.0859375
2 0.72265625 0.4546875 0.028125 0.1265625
1 0.75703125 0.425 0.028125 0.10078125
1 0.79375 0.41484375 0.02421875 0.1109375
1 0.9859375 0.39765625 0.02734375 0.1015625
0 0.3984375 0.40390625 0.0125 0.0234375
2 0.215625 0.30390625 0.03046875 0.06640625