1 0.03046875 0.43515625 0.04140625 0.1390625
2 0.075 0.4515625 0.0390625 0.13203125
1 0.0578125 0.5765625 0.059375 0.15234375
1 0.19140625 0.47890625 0.04296875 0.13828125
1 0.32578125 0.64140625 0.04453125 0.14765625
1 0.36015625 0.68515625 0.0546875 0.14296875
1 0.35703125 0.82890625 0.06328125 0.1984375
1 0.4171875 0.54296875 0.04453125 0.1453125
1 0.51015625 0.5953125 0.04375 0.1421875
1 0.675 0.74921875 0.06171875 0.16796875
1 0.4296875 0.415625 0.0328125 0.09453125
1 0.45390625 0.48203125 0.0390625 0.12265625
1 0.46796875 0.421875 0.0296875 0.0796875
1 0.48515625 0.39375 0.025 0.059375
0 0.49140625 0.3453125 0.01171875 0.0375
1 0.48515625 0.4546875 0.03125 0.10859375
1 0.50859375 0.44765625 0.02578125 0.13515625
1 0.5640625 0.4953125 0.03828125 0.134375
1 0.5859375 0.5421875 0.040625 0.13203125
1 0.64453125 0.57734375 0.046875 0.12734375
1 0.728125 0.4078125 0.0390625 0.09921875