1 0.234375 0.41484375 0.03125 0.06953125
1 0.4484375 0.41484375 0.03046875 0.06640625
1 0.31640625 0.49453125 0.021875 0.0953125
1 0.33203125 0.4828125 0.021875 0.0796875
1 0.490625 0.740625 0.03671875 0.1140625
1 0.35625 0.93984375 0.04375 0.11953125
1 0.7109375 0.58671875 0.03125 0.096875
1 0.68125 0.45234375 0.0296875 0.0859375
1 0.61796875 0.42265625 0.025 0.08125
1 0.7328125 0.34609375 0.02109375 0.046875
1 0.909375 0.5171875 0.0265625 0.1078125
1 0.7234375 0.56328125 0.02421875 0.09921875
2 0.821875 0.44296875 0.02734375 0.078125
2 0.33203125 0.31171875 0.01953125 0.0515625
0 0.29296875 0.48046875 0.01171875 0.02109375