1 0.08203125 0.734375 0.0578125 0.15625
1 0.084375 0.659375 0.0609375 0.153125
1 0.2765625 0.4265625 0.03515625 0.1234375
1 0.28984375 0.5265625 0.04453125 0.13359375
1 0.32265625 0.48203125 0.03203125 0.1453125
1 0.03671875 0.29765625 0.0328125 0.10859375
1 0.4921875 0.390625 0.04453125 0.10625
1 0.43125 0.56484375 0.04375 0.13671875
1 0.54765625 0.46484375 0.04296875 0.14453125
1 0.621875 0.390625 0.03125 0.11484375
1 0.6484375 0.43671875 0.0359375 0.09453125
1 0.64453125 0.51953125 0.04375 0.12109375
2 0.7390625 0.4890625 0.04296875 0.15234375
1 0.765625 0.2890625 0.04921875 0.08125
1 0.8890625 0.81640625 0.075 0.18359375
0 0.62421875 0.42265625 0.0125 0.025
2 0.7703125 0.17421875 0.03125 0.0703125