1 0.03359375 0.3890625 0.04453125 0.10703125
1 0.02421875 0.54140625 0.04765625 0.1453125
1 0.15625 0.63125 0.05703125 0.1734375
2 0.2375 0.3828125 0.03828125 0.0984375
1 0.3171875 0.47734375 0.04921875 0.1171875
1 0.3671875 0.4640625 0.04921875 0.1234375
1 0.4546875 0.36171875 0.0421875 0.1109375
1 0.5359375 0.540625 0.04140625 0.1171875
1 0.59765625 0.71484375 0.05390625 0.13984375
1 0.58984375 0.75390625 0.04453125 0.159375
1 0.571875 0.41015625 0.01953125 0.10859375
1 0.5875 0.403125 0.015625 0.11328125
1 0.67578125 0.4546875 0.03671875 0.1265625
1 0.71640625 0.4125 0.03671875 0.115625
1 0.77890625 0.53515625 0.03671875 0.146875
1 0.82109375 0.571875 0.05546875 0.1234375
1 0.959375 0.71640625 0.0515625 0.13984375
1 0.96015625 0.3328125 0.0296875 0.1046875
0 0.5109375 0.5875 0.0171875 0.04140625