2 0.65625 0.65625 0.0578125 0.159375
2 0.9171875 0.30703125 0.0375 0.07578125
1 0.14296875 0.46171875 0.040625 0.0984375
1 0.384375 0.5453125 0.028125 0.1234375
1 0.465625 0.6265625 0.04296875 0.13828125
1 0.4390625 0.49921875 0.034375 0.1234375
1 0.46484375 0.4953125 0.03125 0.12421875
1 0.56015625 0.48125 0.0328125 0.1453125
1 0.6125 0.52421875 0.03125 0.14140625
1 0.6328125 0.43984375 0.03828125 0.090625
1 0.65546875 0.515625 0.03828125 0.1234375
1 0.690625 0.4765625 0.03671875 0.121875
1 0.79765625 0.534375 0.0265625 0.10390625
1 0.809375 0.50234375 0.0375 0.08203125
1 0.7953125 0.37421875 0.04140625 0.11015625
1 0.87265625 0.48203125 0.028125 0.12578125
1 0.87265625 0.5828125 0.03125 0.0984375
1 0.85859375 0.61953125 0.0296875 0.13828125