1 0.1 0.5828125 0.0265625 0.13984375
1 0.12421875 0.57265625 0.0296875 0.13359375
1 0.165625 0.54765625 0.03125 0.1359375
1 0.18515625 0.54140625 0.02421875 0.12734375
1 0.20078125 0.5296875 0.02890625 0.128125
1 0.178125 0.50859375 0.01640625 0.07890625
1 0.23125 0.5296875 0.02265625 0.125
1 0.27578125 0.48359375 0.03203125 0.1140625
1 0.31796875 0.48828125 0.0234375 0.109375
1 0.33671875 0.48828125 0.03046875 0.115625
1 0.32578125 0.43203125 0.015625 0.0328125
1 0.4421875 0.50546875 0.0375 0.1234375
1 0.47890625 0.44609375 0.034375 0.10546875
2 0.4828125 0.534375 0.03046875 0.115625
1 0.5609375 0.4140625 0.03828125 0.0921875
1 0.6921875 0.39765625 0.02890625 0.10625
1 0.74921875 0.4953125 0.04140625 0.11953125
1 0.81328125 0.49140625 0.0375 0.11875
1 0.840625 0.3859375 0.03125 0.09296875
0 0.82109375 0.4203125 0.01484375 0.0359375
1 0.978125 0.4578125 0.03046875 0.1109375
1 0.984375 0.6109375 0.03125 0.14296875
2 0.61484375 0.31171875 0.03359375 0.078125