1 0.0125 0.5109375 0.025 0.14921875
1 0.121875 0.4453125 0.03984375 0.115625
1 0.0890625 0.58046875 0.040625 0.14765625
1 0.0515625 0.6734375 0.07890625 0.15703125
1 0.2296875 0.2875 0.025 0.06640625
1 0.2921875 0.3890625 0.03984375 0.121875
2 0.353125 0.5078125 0.03984375 0.13984375
1 0.39921875 0.475 0.0390625 0.13671875
1 0.6046875 0.35078125 0.0375 0.10859375
1 0.653125 0.34375 0.0390625 0.1140625
1 0.73125 0.38046875 0.046875 0.10390625
1 0.75234375 0.4375 0.04140625 0.115625
1 0.8265625 0.45625 0.03984375 0.13828125
1 0.80859375 0.71953125 0.04375 0.15703125
1 0.84296875 0.8453125 0.07421875 0.18984375
0 0.2390625 0.31875 0.01640625 0.021875