1 0.48046875 0.51015625 0.03046875 0.08671875
1 0.50078125 0.48671875 0.028125 0.0828125
1 0.50859375 0.44921875 0.0234375 0.08671875
1 0.5875 0.446875 0.02265625 0.07734375
1 0.5671875 0.59921875 0.0328125 0.1015625
1 0.6203125 0.61796875 0.03359375 0.0875
1 0.6203125 0.49375 0.021875 0.075
1 0.6171875 0.428125 0.02421875 0.0609375
2 0.55546875 0.3671875 0.01875 0.04921875
2 0.6953125 0.421875 0.021875 0.06171875
1 0.67109375 0.475 0.02421875 0.0859375
1 0.6890625 0.5265625 0.0296875 0.0953125
1 0.74609375 0.42890625 0.02265625 0.06015625
1 0.76171875 0.4375 0.01875 0.06640625
1 0.77734375 0.48984375 0.02734375 0.075
1 0.803125 0.47421875 0.021875 0.08125
1 0.82578125 0.5953125 0.02421875 0.11171875
1 0.85078125 0.590625 0.03828125 0.109375
1 0.921875 0.5421875 0.03359375 0.109375
1 0.83671875 0.44609375 0.02578125 0.0875
1 0.87265625 0.46796875 0.028125 0.07890625
1 0.89609375 0.46875 0.0359375 0.08125
2 0.55546875 0.36640625 0.02109375 0.05078125
0 0.28203125 0.20546875 0.01015625 0.02890625