1 0.065625 0.47890625 0.02734375 0.09375
1 0.14453125 0.42421875 0.01953125 0.09765625
1 0.0203125 0.75546875 0.03984375 0.1390625
1 0.375 0.7359375 0.0375 0.13046875
1 0.36640625 0.603125 0.02578125 0.11328125
1 0.45859375 0.44609375 0.021875 0.09609375
1 0.484375 0.4796875 0.03203125 0.08984375
1 0.66953125 0.76015625 0.03671875 0.13125
1 0.68828125 0.54140625 0.03515625 0.11015625
1 0.7640625 0.3421875 0.0328125 0.07578125
1 0.84140625 0.71953125 0.04765625 0.09453125
2 0.03828125 0.50859375 0.0265625 0.09375
2 0.921875 0.71015625 0.0515625 0.1078125
0 0.85703125 0.7796875 0.0140625 0.028125