1 0.26484375 0.375 0.03515625 0.08984375
1 0.2765625 0.34921875 0.0171875 0.06484375
1 0.30703125 0.3625 0.01953125 0.06796875
0 0.3203125 0.3890625 0.0125 0.02578125
1 0.409375 0.5 0.04296875 0.11328125
2 0.4828125 0.45 0.046875 0.125
1 0.3234375 0.68515625 0.0546875 0.14765625
1 0.01640625 0.57734375 0.03203125 0.15390625
1 0.703125 0.81015625 0.053125 0.16328125
1 0.7109375 0.44296875 0.03203125 0.1109375
1 0.5921875 0.38359375 0.028125 0.09609375
1 0.6625 0.3609375 0.03046875 0.0953125
1 0.8140625 0.34765625 0.03359375 0.09765625
1 0.8796875 0.5546875 0.04453125 0.1421875
1 0.99296875 0.521875 0.0140625 0.13515625