1 0.0359375 0.45625 0.02734375 0.1
1 0.1515625 0.7546875 0.0359375 0.15703125
1 0.17734375 0.71640625 0.03671875 0.11015625
1 0.253125 0.51953125 0.04140625 0.10078125
2 0.3375 0.50078125 0.034375 0.096875
1 0.39453125 0.50234375 0.03671875 0.096875
1 0.4453125 0.48359375 0.03671875 0.0890625
1 0.4546875 0.5703125 0.04375 0.08515625
1 0.4265625 0.6296875 0.04296875 0.11796875
0 0.39375 0.58359375 0.015625 0.02265625
1 0.6328125 0.48515625 0.02890625 0.10078125
1 0.47421875 0.39296875 0.02890625 0.084375
1 0.7671875 0.44140625 0.03671875 0.0890625
1 0.64921875 0.69375 0.0375 0.13828125
1 0.846875 0.73671875 0.05 0.15
1 0.84609375 0.5015625 0.0328125 0.11015625
1 0.896875 0.52578125 0.040625 0.10625
1 0.1015625 0.40546875 0.034375 0.08046875
2 0.04375 0.246875 0.01796875 0.04453125