1 0.25546875 0.44453125 0.04375 0.10625
1 0.265625 0.54609375 0.0453125 0.103125
1 0.38203125 0.4875 0.0421875 0.12578125
1 0.41015625 0.490625 0.028125 0.13203125
1 0.440625 0.50546875 0.0375 0.121875
1 0.490625 0.49609375 0.02890625 0.1140625
1 0.5078125 0.471875 0.03125 0.12109375
1 0.565625 0.50078125 0.03828125 0.1265625
1 0.59609375 0.48984375 0.03828125 0.1421875
1 0.6234375 0.5171875 0.0421875 0.13828125
1 0.6703125 0.5171875 0.03046875 0.12578125
1 0.66875 0.44375 0.028125 0.0515625
1 0.77109375 0.45703125 0.03125 0.13984375
1 0.91484375 0.65234375 0.0515625 0.1671875
1 0.9703125 0.52265625 0.0359375 0.13671875
2 0.54921875 0.6765625 0.05390625 0.178125