1 0.10234375 0.4859375 0.02890625 0.096875
1 0.196875 0.4703125 0.025 0.0890625
1 0.25078125 0.55703125 0.0328125 0.090625
1 0.30703125 0.6125 0.02578125 0.08671875
1 0.3296875 0.37734375 0.01484375 0.059375
1 0.3375 0.359375 0.01796875 0.0625
1 0.3421875 0.5953125 0.04921875 0.1171875
1 0.46484375 0.60234375 0.02578125 0.10703125
1 0.459375 0.4546875 0.021875 0.0609375
1 0.5484375 0.49453125 0.02421875 0.08828125
1 0.54140625 0.684375 0.034375 0.1109375
1 0.59375 0.565625 0.021875 0.096875
1 0.61875 0.58125 0.0265625 0.10234375
1 0.6890625 0.409375 0.02734375 0.0890625
1 0.7734375 0.38828125 0.02734375 0.07578125
1 0.75 0.70078125 0.040625 0.1203125
1 0.88359375 0.453125 0.03125 0.096875
1 0.9203125 0.490625 0.03671875 0.08984375
1 0.94296875 0.59140625 0.03046875 0.1109375
2 0.53125 0.4484375 0.021875 0.0890625
2 0.409375 0.23828125 0.01875 0.04609375
0 0.46328125 0.4125 0.01484375 0.02421875