1 0.2953125 0.353125 0.03359375 0.12421875
1 0.19921875 0.503125 0.04609375 0.15703125
1 0.27265625 0.4828125 0.0421875 0.13203125
1 0.2734375 0.609375 0.04453125 0.1765625
2 0.3703125 0.32421875 0.0421875 0.1
1 0.4453125 0.359375 0.034375 0.125
1 0.45078125 0.31796875 0.02890625 0.09140625
0 0.4546875 0.3046875 0.01484375 0.03828125
1 0.51015625 0.51484375 0.03046875 0.15390625
1 0.64375 0.690625 0.04296875 0.1765625
2 0.77734375 0.53359375 0.03515625 0.15546875
1 0.80859375 0.50546875 0.040625 0.14921875
1 0.8328125 0.46484375 0.03828125 0.13984375
1 0.928125 0.41484375 0.03671875 0.140625
1 0.98828125 0.3875 0.021875 0.1515625