1 0.1375 0.48828125 0.04140625 0.12421875
0 0.209375 0.57265625 0.01796875 0.04140625
1 0.28125 0.5828125 0.05390625 0.1546875
1 0.41328125 0.47421875 0.03203125 0.11796875
1 0.4921875 0.3875 0.0328125 0.09609375
1 0.70234375 0.43359375 0.03515625 0.10390625
1 0.66875 0.575 0.05078125 0.1234375
1 0.75078125 0.45859375 0.03203125 0.109375
1 0.790625 0.434375 0.02109375 0.0390625
2 0.8015625 0.49140625 0.03125 0.13046875
1 0.728125 0.7921875 0.05 0.178125
1 0.9421875 0.534375 0.0296875 0.10546875
1 0.9453125 0.45390625 0.0203125 0.0546875