1 0.140625 0.365625 0.0453125 0.1203125
2 0.278125 0.32109375 0.0390625 0.0890625
1 0.23515625 0.403125 0.040625 0.1171875
1 0.0734375 0.52734375 0.0703125 0.15390625
1 0.2203125 0.70078125 0.0671875 0.14921875
1 0.3953125 0.6546875 0.06171875 0.16484375
1 0.54609375 0.55 0.0484375 0.1546875
1 0.6625 0.425 0.04609375 0.1265625
1 0.74296875 0.41171875 0.0453125 0.13828125
1 0.69296875 0.3453125 0.02890625 0.1015625
1 0.5125 0.32890625 0.03359375 0.090625
1 0.93828125 0.5375 0.03984375 0.13671875
0 0.5171875 0.31640625 0.0109375 0.02421875