1 0.02109375 0.4953125 0.0421875 0.134375
1 0.02265625 0.71953125 0.0421875 0.18359375
1 0.23203125 0.73671875 0.053125 0.15
1 0.2703125 0.67578125 0.04609375 0.16953125
1 0.2296875 0.3546875 0.02421875 0.08671875
1 0.31171875 0.4 0.02890625 0.09921875
1 0.35625 0.4828125 0.0375 0.12734375
2 0.42109375 0.4 0.02890625 0.11796875
1 0.46640625 0.71328125 0.04765625 0.1515625
1 0.61953125 0.4984375 0.0359375 0.0921875
1 0.6375 0.4609375 0.0171875 0.0546875
1 0.63125 0.425 0.01796875 0.04609375
0 0.59609375 0.23203125 0.01484375 0.0296875
1 0.59296875 0.3546875 0.01875 0.0828125
1 0.60703125 0.3109375 0.03046875 0.046875
1 0.72421875 0.390625 0.02578125 0.09140625
1 0.7421875 0.43046875 0.02265625 0.09140625
1 0.76328125 0.371875 0.0234375 0.09453125
1 0.71875 0.6765625 0.03359375 0.11875
1 0.784375 0.68828125 0.04609375 0.13046875
1 0.84140625 0.44375 0.034375 0.09609375
1 0.97421875 0.3203125 0.03671875 0.09609375
1 0.99140625 0.55546875 0.0171875 0.14375