0 0.06796875 0.57109375 0.00859375 0.015625
1 0.07421875 0.55 0.021875 0.0578125
1 0.41015625 0.53203125 0.02890625 0.0703125
1 0.478125 0.6234375 0.03125 0.10078125
1 0.45390625 0.5 0.03046875 0.0625
1 0.48671875 0.4796875 0.01875 0.0765625
1 0.53125 0.48046875 0.025 0.0828125
1 0.5546875 0.48203125 0.02890625 0.08984375
1 0.57890625 0.45 0.03046875 0.08046875
1 0.61484375 0.46171875 0.0265625 0.07421875
1 0.60078125 0.534375 0.02421875 0.07578125
1 0.65703125 0.546875 0.03046875 0.096875
1 0.6796875 0.47421875 0.0203125 0.078125
1 0.7484375 0.4171875 0.02578125 0.05625
1 0.71484375 0.49453125 0.02734375 0.08203125
1 0.77109375 0.45859375 0.01875 0.0828125
2 0.7984375 0.49921875 0.01953125 0.08203125
1 0.80703125 0.528125 0.02265625 0.08203125
1 0.90859375 0.5140625 0.03125 0.07578125
1 0.9421875 0.62265625 0.028125 0.09921875
1 0.971875 0.57578125 0.02734375 0.08359375