1 0.046875 0.41953125 0.059375 0.10859375
1 0.140625 0.3703125 0.0453125 0.10859375
1 0.21015625 0.3359375 0.03125 0.096875
1 0.29921875 0.2859375 0.0375 0.07890625
1 0.3765625 0.465625 0.0515625 0.11328125
1 0.22421875 0.7125 0.04140625 0.13203125
1 0.26953125 0.73671875 0.04765625 0.140625
1 0.46328125 0.33359375 0.03671875 0.0890625
2 0.50546875 0.3296875 0.028125 0.08046875
1 0.465625 0.22109375 0.021875 0.08125
1 0.55234375 0.2875 0.03359375 0.0703125
1 0.5953125 0.265625 0.0265625 0.06796875
1 0.66015625 0.2546875 0.0296875 0.0671875
1 0.80234375 0.453125 0.03515625 0.0875
1 0.71484375 0.63828125 0.06171875 0.1203125
1 0.753125 0.746875 0.05859375 0.14375
1 0.88984375 0.3859375 0.0359375 0.115625
1 0.88203125 0.3015625 0.034375 0.0984375
1 0.9484375 0.38515625 0.0296875 0.08828125
1 0.9578125 0.325 0.02890625 0.09921875
1 0.978125 0.40546875 0.04375 0.09765625