1 0.090625 0.83515625 0.053125 0.1890625
1 0.1015625 0.63125 0.04140625 0.13203125
1 0.2484375 0.71484375 0.040625 0.14765625
1 0.3265625 0.7671875 0.06328125 0.15625
1 0.23671875 0.57890625 0.025 0.115625
2 0.2234375 0.53671875 0.03046875 0.11328125
1 0.29453125 0.5125 0.0359375 0.12421875
1 0.33046875 0.4640625 0.03359375 0.07890625
1 0.35859375 0.50546875 0.04765625 0.08125
1 0.3234375 0.55625 0.02578125 0.12265625
1 0.35 0.5953125 0.04453125 0.1203125
1 0.415625 0.52421875 0.03046875 0.12109375
1 0.48828125 0.5671875 0.03515625 0.11875
1 0.546875 0.57734375 0.0390625 0.12421875
1 0.58203125 0.58828125 0.03984375 0.12265625
1 0.7234375 0.51640625 0.0296875 0.11328125
1 0.88046875 0.7453125 0.0453125 0.153125