0 0.0265625 0.72421875 0.02734375 0.05546875
1 0.2828125 0.55234375 0.08671875 0.1921875
1 0.21875 0.19296875 0.04375 0.14375
1 0.371875 0.234375 0.059375 0.15234375
1 0.50625 0.18671875 0.053125 0.13203125
1 0.50234375 0.07578125 0.03515625 0.1140625
1 0.584375 0.34375 0.03671875 0.14609375
1 0.60546875 0.34609375 0.03515625 0.0953125
2 0.60703125 0.39765625 0.04296875 0.06015625
1 0.60625 0.49453125 0.0578125 0.18046875
1 0.81640625 0.61796875 0.096875 0.16484375
1 0.7140625 0.15625 0.0625 0.1484375