1 0.08359375 0.734375 0.0484375 0.16015625
1 0.16953125 0.759375 0.05078125 0.1625
1 0.1734375 0.53359375 0.03671875 0.12890625
1 0.22109375 0.52890625 0.04765625 0.10546875
1 0.08828125 0.34140625 0.02578125 0.0890625
1 0.2390625 0.34765625 0.0359375 0.08671875
1 0.22109375 0.22109375 0.0171875 0.06015625
1 0.27421875 0.3296875 0.0265625 0.08046875
2 0.31171875 0.41640625 0.03125 0.10546875
1 0.35546875 0.41953125 0.03046875 0.096875
1 0.43125 0.70390625 0.0515625 0.15234375
1 0.72578125 0.5125 0.04375 0.13046875
1 0.6765625 0.4140625 0.040625 0.1046875
1 0.515625 0.2640625 0.025 0.06015625
1 0.8140625 0.2953125 0.025 0.06796875
1 0.97109375 0.4609375 0.03515625 0.1140625
1 0.74375 0.77734375 0.05 0.15703125