1 0.15546875 0.4171875 0.03359375 0.0921875
1 0.175 0.5671875 0.034375 0.1265625
1 0.203125 0.55390625 0.02890625 0.12578125
1 0.22109375 0.53515625 0.0296875 0.146875
1 0.2515625 0.54921875 0.02421875 0.11875
1 0.27890625 0.50859375 0.02578125 0.0984375
1 0.290625 0.4859375 0.02109375 0.10859375
1 0.3171875 0.4984375 0.028125 0.1140625
1 0.35859375 0.5125 0.0296875 0.109375
1 0.3734375 0.45234375 0.01640625 0.0515625
1 0.39140625 0.5015625 0.0296875 0.10546875
1 0.43203125 0.45625 0.03046875 0.10234375
1 0.52734375 0.54921875 0.03515625 0.1203125
1 0.5671875 0.46328125 0.03203125 0.10390625
1 0.63828125 0.4546875 0.03046875 0.0859375
1 0.6875 0.3796875 0.02421875 0.0921875
1 0.9203125 0.4484375 0.03125 0.10390625
0 0.86875 0.396875 0.01796875 0.0375
0 0.93515625 0.359375 0.02421875 0.0890625
2 0.3 0.5640625 0.05390625 0.12734375
2 0.753125 0.31484375 0.02421875 0.08359375