1 0.0578125 0.81015625 0.0625 0.19296875
1 0.10703125 0.59140625 0.0328125 0.1375
1 0.15078125 0.56953125 0.0390625 0.115625
1 0.221875 0.54609375 0.0359375 0.10703125
2 0.30625 0.6171875 0.03515625 0.11875
1 0.28984375 0.50859375 0.02734375 0.1046875
1 0.3859375 0.61640625 0.0359375 0.13203125
1 0.4078125 0.553125 0.03046875 0.1015625
1 0.446875 0.50703125 0.03046875 0.1203125
1 0.44765625 0.44453125 0.01875 0.0734375
0 0.5171875 0.45703125 0.01484375 0.03203125
1 0.5265625 0.4484375 0.01640625 0.08046875
1 0.56171875 0.45546875 0.025 0.06875
1 0.60703125 0.409375 0.01953125 0.10390625
2 0.659375 0.36171875 0.0265625 0.07265625
1 0.53203125 0.53359375 0.034375 0.1140625
1 0.55703125 0.50625 0.02734375 0.09375
1 0.734375 0.6796875 0.0359375 0.125
1 0.7703125 0.75703125 0.065625 0.17421875
1 0.753125 0.62265625 0.0359375 0.09921875
1 0.78984375 0.55 0.03515625 0.10546875
1 0.7890625 0.471875 0.021875 0.065625