1 0.08671875 0.54296875 0.04609375 0.13046875
1 0.25078125 0.5671875 0.0296875 0.13828125
1 0.2734375 0.5375 0.025 0.1296875
1 0.3984375 0.6203125 0.046875 0.125
1 0.38828125 0.746875 0.05625 0.14140625
1 0.76328125 0.45625 0.03984375 0.1046875
0 0.4359375 0.784375 0.01953125 0.0453125
1 0.4859375 0.54765625 0.03359375 0.11640625
1 0.58515625 0.61484375 0.04375 0.11796875
1 0.56484375 0.51484375 0.02890625 0.13671875
1 0.61484375 0.53046875 0.03359375 0.11640625
1 0.52421875 0.51953125 0.0359375 0.115625
1 0.49375 0.4625 0.021875 0.065625
1 0.4484375 0.4765625 0.02578125 0.10390625
1 0.4203125 0.465625 0.021875 0.09296875
1 0.39375 0.5 0.03046875 0.11328125
1 0.3515625 0.471875 0.03203125 0.0953125
2 0.29296875 0.48203125 0.040625 0.10390625