1 0.01171875 0.55703125 0.0234375 0.10859375
1 0.0203125 0.4796875 0.03203125 0.10625
1 0.03671875 0.4375 0.0375 0.0890625
1 0.2234375 0.43671875 0.02734375 0.1125
2 0.23984375 0.45703125 0.0296875 0.0953125
1 0.2625 0.55 0.03671875 0.121875
1 0.27890625 0.4703125 0.0390625 0.10703125
1 0.33203125 0.40859375 0.0359375 0.0859375
1 0.35625 0.48359375 0.04296875 0.11875
1 0.4203125 0.53125 0.03046875 0.11328125
1 0.4328125 0.49140625 0.01484375 0.059375
1 0.4734375 0.4921875 0.034375 0.10546875
1 0.64140625 0.46328125 0.0328125 0.0921875
1 0.6984375 0.471875 0.0375 0.09296875
1 0.7421875 0.53984375 0.04375 0.1015625
1 0.77578125 0.46484375 0.040625 0.08828125