1 0.07421875 0.8234375 0.05703125 0.18671875
1 0.13203125 0.55625 0.03203125 0.13046875
1 0.15234375 0.5359375 0.03125 0.13046875
1 0.1046875 0.3515625 0.0234375 0.090625
1 0.13046875 0.340625 0.02578125 0.1140625
1 0.05 0.22890625 0.0203125 0.06796875
1 0.353125 0.253125 0.02890625 0.07890625
2 0.25 0.4296875 0.0375 0.1140625
1 0.38046875 0.41953125 0.05390625 0.1046875
1 0.5890625 0.384375 0.034375 0.1046875
1 0.43984375 0.68203125 0.04921875 0.15234375
1 0.70078125 0.56484375 0.03984375 0.13984375
1 0.70390625 0.7921875 0.06015625 0.14765625
1 0.6890625 0.25859375 0.02421875 0.06796875
1 0.84375 0.415625 0.03125 0.10390625
1 0.9765625 0.43984375 0.0359375 0.10234375
1 0.9234375 0.26953125 0.02578125 0.07890625