1 0.06953125 0.7546875 0.06328125 0.15078125
1 0.02265625 0.64296875 0.04453125 0.14765625
1 0.13515625 0.48046875 0.0453125 0.134375
1 0.23359375 0.53203125 0.0390625 0.1296875
1 0.3109375 0.49765625 0.04453125 0.13203125
1 0.38984375 0.39765625 0.04296875 0.0953125
1 0.43125 0.35859375 0.02421875 0.06875
1 0.62421875 0.35703125 0.03046875 0.0671875
0 0.60625 0.36875 0.01171875 0.02265625
1 0.653125 0.39296875 0.02734375 0.084375
1 0.6140625 0.5078125 0.0359375 0.10703125
1 0.5328125 0.55390625 0.03046875 0.12578125
2 0.50390625 0.4828125 0.03125 0.1171875
1 0.68125 0.49609375 0.034375 0.12890625
1 0.7578125 0.5421875 0.04609375 0.12578125
1 0.7859375 0.66875 0.04921875 0.1546875
1 0.88046875 0.42265625 0.03125 0.09609375
1 0.93984375 0.5953125 0.03828125 0.13359375
1 0.9859375 0.68359375 0.028125 0.15859375
2 0.04140625 0.33359375 0.0234375 0.07421875