1 0.17578125 0.50390625 0.0484375 0.146875
1 0.22109375 0.396875 0.04765625 0.14765625
2 0.30703125 0.396875 0.059375 0.11484375
1 0.415625 0.60390625 0.04453125 0.16640625
1 0.49296875 0.6078125 0.04375 0.12890625
1 0.56640625 0.73515625 0.053125 0.16640625
0 0.5953125 0.7375 0.021875 0.040625
1 0.453125 0.51640625 0.0375 0.12421875
1 0.48359375 0.403125 0.03203125 0.128125
1 0.50859375 0.4140625 0.02890625 0.11640625
1 0.5296875 0.396875 0.02421875 0.08203125
1 0.53359375 0.48125 0.053125 0.1234375
1 0.634375 0.50546875 0.040625 0.1515625
1 0.64921875 0.56171875 0.06484375 0.15
1 0.6640625 0.4421875 0.0359375 0.13125
1 0.68359375 0.41328125 0.04140625 0.09609375
1 0.7421875 0.4515625 0.0328125 0.1421875
1 0.75625 0.5203125 0.04296875 0.13984375
1 0.7875 0.45859375 0.04140625 0.10625