1 0.25234375 0.39765625 0.02734375 0.09140625
1 0.38515625 0.66328125 0.03984375 0.128125
1 0.428125 0.60390625 0.03515625 0.121875
1 0.4890625 0.4859375 0.03984375 0.1046875
0 0.5375 0.7859375 0.01953125 0.0484375
1 0.63359375 0.45625 0.0375 0.10859375
1 0.6984375 0.43046875 0.02734375 0.1125
1 0.76171875 0.47578125 0.0296875 0.10234375
1 0.8390625 0.478125 0.028125 0.0625
1 0.8265625 0.5515625 0.0328125 0.0984375
1 0.82109375 0.6484375 0.0390625 0.0953125
2 0.8546875 0.615625 0.0265625 0.12734375
1 0.86796875 0.6546875 0.03515625 0.13828125
2 0.878125 0.32421875 0.02109375 0.06171875