1 0.13046875 0.3984375 0.02578125 0.103125
0 0.146875 0.4375 0.01484375 0.025
1 0.11484375 0.5125 0.05 0.1171875
1 0.40625 0.51171875 0.04296875 0.1109375
1 0.3609375 0.65625 0.06015625 0.13359375
1 0.378125 0.86484375 0.06484375 0.1546875
1 0.36484375 0.35625 0.0171875 0.06796875
1 0.375 0.40859375 0.03671875 0.0875
1 0.39609375 0.353125 0.025 0.08984375
1 0.52421875 0.39453125 0.02578125 0.10703125
1 0.53203125 0.41328125 0.025 0.09609375
2 0.5921875 0.43359375 0.04609375 0.11640625
1 0.65703125 0.3390625 0.0203125 0.11796875
1 0.85234375 0.3921875 0.03515625 0.1125
1 0.90859375 0.4140625 0.0265625 0.11640625
1 0.93046875 0.46171875 0.03203125 0.10703125