1 0.215625 0.565625 0.04296875 0.13359375
1 0.146875 0.7765625 0.04609375 0.19140625
1 0.090625 0.9015625 0.0625 0.196875
1 0.615625 0.7453125 0.040625 0.1640625
2 0.50703125 0.62578125 0.0359375 0.1515625
1 0.43984375 0.58203125 0.02734375 0.13828125
1 0.396875 0.50703125 0.04296875 0.15
1 0.55625 0.55625 0.0375 0.12734375
1 0.70390625 0.603125 0.04296875 0.13515625
1 0.6234375 0.925 0.05078125 0.15
1 0.871875 0.66015625 0.0421875 0.15703125
1 0.9234375 0.8390625 0.065625 0.19140625
1 0.9296875 0.5484375 0.04140625 0.128125