2 0.059375 0.48125 0.065625 0.12890625
1 0.16171875 0.42265625 0.04765625 0.1078125
1 0.2015625 0.52265625 0.0421875 0.10703125
1 0.1953125 0.625 0.04609375 0.1203125
1 0.30546875 0.396875 0.03125 0.11171875
1 0.3359375 0.3703125 0.03203125 0.10625
1 0.37265625 0.42734375 0.034375 0.10625
1 0.48046875 0.51484375 0.0359375 0.10703125
1 0.496875 0.540625 0.04375 0.11640625
1 0.4359375 0.7015625 0.0546875 0.1421875
1 0.64921875 0.6265625 0.04609375 0.13984375
1 0.7109375 0.61796875 0.04921875 0.1203125
1 0.821875 0.66484375 0.0421875 0.09140625
1 0.81953125 0.78046875 0.0546875 0.1453125
0 0.85703125 0.8140625 0.02109375 0.0421875
1 0.61875 0.359375 0.03828125 0.10078125