1 0.034375 0.55703125 0.040625 0.12421875
2 0.103125 0.40703125 0.028125 0.0765625
1 0.2828125 0.5328125 0.040625 0.12421875
1 0.37109375 0.52109375 0.0421875 0.115625
0 0.39296875 0.43125 0.02265625 0.04296875
1 0.5171875 0.5453125 0.040625 0.13828125
1 0.56171875 0.46953125 0.0375 0.10546875
2 0.6390625 0.56953125 0.0421875 0.13125
1 0.5859375 0.70234375 0.046875 0.14921875
1 0.71484375 0.56328125 0.04453125 0.12265625
1 0.63515625 0.46953125 0.03671875 0.090625
1 0.63515625 0.4 0.02578125 0.0546875
1 0.6890625 0.45625 0.03359375 0.096875
1 0.78671875 0.45546875 0.04296875 0.0953125
1 0.87109375 0.49296875 0.03125 0.10703125
1 0.915625 0.5015625 0.0390625 0.11328125