2 0.184375 0.48515625 0.04921875 0.10703125
1 0.35234375 0.6234375 0.04765625 0.10234375
1 0.35546875 0.5453125 0.03515625 0.0671875
1 0.28046875 0.4078125 0.03359375 0.09921875
1 0.39375 0.4125 0.0265625 0.08984375
1 0.41953125 0.4546875 0.0375 0.10625
1 0.46328125 0.4140625 0.034375 0.09765625
1 0.5515625 0.46875 0.03359375 0.10703125
1 0.58125 0.4734375 0.03203125 0.1125
1 0.60625 0.5109375 0.0265625 0.10625
1 0.634375 0.5546875 0.0375 0.12734375
1 0.66953125 0.63984375 0.0453125 0.09765625
1 0.671875 0.73203125 0.0578125 0.1265625
1 0.77734375 0.67890625 0.05390625 0.134375
1 0.8984375 0.79921875 0.0734375 0.1375
1 0.9453125 0.7140625 0.04609375 0.14140625
0 0.46484375 0.65 0.0265625 0.0328125
1 0.6375 0.3859375 0.03359375 0.10078125