1 0.22890625 0.71171875 0.08984375 0.08359375
1 0.3703125 0.6234375 0.04375 0.1265625
1 0.28046875 0.55859375 0.03203125 0.10546875
0 0.3953125 0.52578125 0.015625 0.04375
1 0.37578125 0.465625 0.0359375 0.08671875
1 0.46796875 0.47421875 0.03046875 0.0984375
2 0.5109375 0.62109375 0.04140625 0.12265625
1 0.61640625 0.91953125 0.0578125 0.1609375
1 0.5578125 0.75546875 0.0453125 0.14375
1 0.55546875 0.58203125 0.03984375 0.1203125
1 0.571875 0.64140625 0.040625 0.14140625
1 0.75625 0.47265625 0.03359375 0.09453125
1 0.9515625 0.93515625 0.06015625 0.1296875
2 0.87734375 0.33359375 0.0203125 0.06015625