1 0.4984375 0.4546875 0.02421875 0.090625
0 0.48125 0.4671875 0.009375 0.0265625
1 0.453125 0.4625 0.02421875 0.1171875
1 0.284375 0.50234375 0.028125 0.1109375
2 0.2265625 0.57265625 0.04921875 0.1515625
1 0.0125 0.625 0.025 0.14609375
1 0.25390625 0.74296875 0.04140625 0.16015625
1 0.41875 0.59375 0.04296875 0.1453125
1 0.646875 0.62109375 0.04375 0.134375
1 0.721875 0.61640625 0.0515625 0.13515625
1 0.75703125 0.575 0.0390625 0.17578125
1 0.82265625 0.6 0.04453125 0.15078125
1 0.8953125 0.671875 0.04375 0.1609375
1 0.98828125 0.5828125 0.0234375 0.14921875