1 0.1703125 0.2203125 0.02890625 0.0765625
2 0.07578125 0.44140625 0.04296875 0.1234375
1 0.1921875 0.3578125 0.0234375 0.11328125
1 0.165625 0.46796875 0.0328125 0.13203125
1 0.2609375 0.403125 0.0359375 0.11328125
1 0.315625 0.303125 0.028125 0.0828125
1 0.41953125 0.24375 0.03203125 0.08671875
1 0.5125 0.34765625 0.03515625 0.09765625
1 0.45390625 0.53359375 0.03515625 0.10234375
1 0.44140625 0.57109375 0.03359375 0.10703125
1 0.43046875 0.628125 0.0453125 0.1234375
1 0.79453125 0.6859375 0.0515625 0.1671875
1 0.68203125 0.38359375 0.03359375 0.109375
1 0.6515625 0.28515625 0.0328125 0.07734375
1 0.8234375 0.4125 0.03125 0.1109375
0 0.7609375 0.7015625 0.01953125 0.0390625