1 0.06328125 0.41328125 0.0234375 0.05546875
0 0.11171875 0.4375 0.015625 0.025
1 0.49375 0.534375 0.03828125 0.09765625
1 0.55078125 0.46796875 0.02265625 0.0875
1 0.59140625 0.44765625 0.02265625 0.07578125
1 0.6140625 0.5796875 0.028125 0.0875
1 0.6671875 0.57109375 0.0296875 0.0828125
1 0.67890625 0.50546875 0.0203125 0.07265625
1 0.70703125 0.515625 0.0203125 0.07890625
1 0.68203125 0.421875 0.025 0.06796875
1 0.7046875 0.415625 0.0234375 0.075
1 0.7375 0.45859375 0.02421875 0.0859375
1 0.77421875 0.44140625 0.0171875 0.0703125
2 0.796875 0.42578125 0.02265625 0.0625
1 0.83359375 0.43671875 0.0234375 0.06796875
1 0.84921875 0.478125 0.0171875 0.0703125
1 0.86484375 0.46484375 0.01875 0.08515625
1 0.88828125 0.440625 0.02265625 0.065625
1 0.89609375 0.4796875 0.021875 0.065625
1 0.9328125 0.4703125 0.021875 0.06875
1 0.903125 0.52578125 0.0265625 0.0859375
1 0.8796875 0.58125 0.0234375 0.0984375
1 0.8765625 0.8109375 0.03125 0.1546875
2 0.63828125 0.34296875 0.01328125 0.04453125