0 0.80390625 0.69375 0.02265625 0.034375
1 0.60078125 0.66171875 0.0546875 0.13359375
1 0.82734375 0.7625 0.0640625 0.13984375
1 0.72109375 0.57734375 0.034375 0.1359375
1 0.74140625 0.48046875 0.03046875 0.1125
1 0.6875 0.3609375 0.02265625 0.11640625
1 0.8984375 0.42578125 0.0359375 0.1171875
1 0.83203125 0.346875 0.034375 0.09609375
1 0.75546875 0.2953125 0.034375 0.08046875
1 0.54921875 0.25703125 0.0234375 0.0953125
1 0.440625 0.2859375 0.0328125 0.09609375
1 0.4046875 0.3359375 0.0234375 0.10390625
1 0.278125 0.33828125 0.028125 0.0953125
1 0.3328125 0.2125 0.021875 0.06875
1 0.22265625 0.46015625 0.02890625 0.10390625
1 0.10078125 0.28125 0.02890625 0.1
2 0.253125 0.396875 0.04375 0.1
2 0.13359375 0.15703125 0.02265625 0.05