1 0.109375 0.55625 0.04375 0.1078125
1 0.14453125 0.55625 0.03671875 0.1375
1 0.16328125 0.50078125 0.0375 0.1296875
1 0.20078125 0.4953125 0.02578125 0.12734375
1 0.2109375 0.5078125 0.0203125 0.11796875
1 0.2296875 0.49140625 0.0234375 0.11875
1 0.25 0.4734375 0.03515625 0.1453125
1 0.3671875 0.5046875 0.0375 0.1125
1 0.390625 0.4265625 0.028125 0.1046875
1 0.41171875 0.45859375 0.04140625 0.109375
1 0.55625 0.47109375 0.040625 0.1296875
1 0.5921875 0.38125 0.03515625 0.0921875
1 0.615625 0.4234375 0.03515625 0.115625
1 0.67734375 0.40234375 0.03359375 0.096875
2 0.675 0.48359375 0.03828125 0.13984375
1 0.78828125 0.47265625 0.03203125 0.12578125
1 0.8140625 0.46015625 0.034375 0.12421875
1 0.80078125 0.38046875 0.02734375 0.0625
0 0.7859375 0.39921875 0.01171875 0.02734375
1 0.940625 0.409375 0.03046875 0.11640625
1 0.9515625 0.59140625 0.03515625 0.14609375
1 0.5828125 0.2890625 0.0265625 0.0671875