1 0.05859375 0.4109375 0.025 0.0578125
0 0.11328125 0.4328125 0.015625 0.025
1 0.60078125 0.51015625 0.03203125 0.08984375
1 0.6203125 0.46875 0.02734375 0.08125
1 0.6328125 0.4296875 0.02265625 0.084375
1 0.70546875 0.428125 0.0171875 0.0703125
1 0.7140625 0.4140625 0.015625 0.06171875
1 0.746875 0.48203125 0.025 0.07578125
1 0.72890625 0.6 0.03125 0.09921875
1 0.75546875 0.5921875 0.0328125 0.09765625
1 0.7890625 0.52890625 0.03125 0.096875
1 0.7875 0.46640625 0.021875 0.0828125
2 0.81484375 0.41171875 0.021875 0.0640625
1 0.8375 0.42109375 0.02109375 0.07578125
1 0.8578125 0.43515625 0.02109375 0.08046875
1 0.8828125 0.4671875 0.0203125 0.0734375
1 0.90234375 0.43984375 0.021875 0.06328125
1 0.91796875 0.46640625 0.01953125 0.06875
1 0.91484375 0.57109375 0.0265625 0.0828125
1 0.90703125 0.65 0.03828125 0.1125
1 0.92734375 0.51640625 0.02578125 0.08046875
1 0.94765625 0.46015625 0.02265625 0.0828125
1 0.6859375 0.34453125 0.01953125 0.04765625