1 0.328125 0.71015625 0.0484375 0.15703125
1 0.4328125 0.6046875 0.04765625 0.13828125
1 0.42734375 0.48046875 0.0359375 0.1109375
1 0.13828125 0.37578125 0.028125 0.11328125
1 0.6265625 0.4484375 0.03359375 0.11171875
1 0.7015625 0.4 0.034375 0.09921875
0 0.521875 0.775 0.02265625 0.04921875
1 0.79140625 0.6421875 0.0453125 0.08671875
2 0.82265625 0.59765625 0.04140625 0.13671875
1 0.8671875 0.67734375 0.05859375 0.0984375
1 0.809375 0.459375 0.03046875 0.1109375
1 0.84375 0.49140625 0.03046875 0.10078125
1 0.921875 0.55859375 0.02890625 0.12890625
2 0.853125 0.28125 0.0203125 0.05859375