1 0.11484375 0.36875 0.0265625 0.08515625
1 0.1078125 0.50546875 0.04609375 0.1140625
1 0.07890625 0.8375 0.06328125 0.178125
1 0.32578125 0.46796875 0.0296875 0.1171875
1 0.340625 0.39296875 0.02734375 0.1078125
2 0.365625 0.43984375 0.0265625 0.10546875
1 0.3875 0.496875 0.03515625 0.115625
1 0.50625 0.446875 0.03984375 0.11875
1 0.57734375 0.39609375 0.03515625 0.0921875
1 0.621875 0.4578125 0.040625 0.1109375
1 0.596875 0.66328125 0.040625 0.14140625
1 0.69296875 0.61171875 0.0421875 0.13828125
1 0.725 0.4390625 0.0390625 0.10703125
1 0.8 0.48359375 0.03671875 0.1140625
1 0.8515625 0.48515625 0.03359375 0.11328125
1 0.94296875 0.55546875 0.03515625 0.1140625
1 0.91640625 0.62578125 0.03203125 0.08359375
1 0.93671875 0.7234375 0.03984375 0.153125
1 0.959375 0.69921875 0.03359375 0.14140625