1 0.1984375 0.3734375 0.03671875 0.10546875
1 0.28125 0.34375 0.0375 0.10234375
1 0.41015625 0.3375 0.03515625 0.10703125
1 0.55078125 0.30390625 0.03046875 0.08828125
1 0.45703125 0.4375 0.03203125 0.12265625
1 0.51171875 0.4171875 0.0234375 0.10390625
1 0.55 0.44609375 0.0453125 0.0546875
0 0.4953125 0.48359375 0.02265625 0.0328125
2 0.47109375 0.53671875 0.03125 0.13984375
1 0.51640625 0.59609375 0.0453125 0.14609375
1 0.653125 0.5734375 0.03515625 0.13515625
1 0.7140625 0.4515625 0.03046875 0.109375
1 0.73203125 0.31328125 0.03046875 0.0890625
2 0.37421875 0.253125 0.025 0.0796875