1 0.390625 0.27578125 0.028125 0.08125
1 0.503125 0.21640625 0.01640625 0.0578125
1 0.56875 0.3265625 0.0265625 0.06640625
1 0.6515625 0.5234375 0.0421875 0.1234375
0 0.65703125 0.53984375 0.01640625 0.03359375
1 0.82578125 0.46015625 0.0328125 0.0953125
1 0.8265625 0.38515625 0.025 0.09140625
2 0.80390625 0.30859375 0.02265625 0.071875
1 0.8078125 0.25234375 0.0109375 0.0484375
1 0.73828125 0.16953125 0.0140625 0.05
2 0.4328125 0.1515625 0.01484375 0.04765625
1 0.01328125 0.290625 0.0265625 0.0671875
1 0.86953125 0.27421875 0.02734375 0.0734375
1 0.9265625 0.2296875 0.02109375 0.05859375
1 0.91015625 0.5296875 0.03515625 0.13671875
1 0.97265625 0.31484375 0.02109375 0.06875
1 0.965625 0.25625 0.02109375 0.05546875
1 0.9875 0.25625 0.01640625 0.07890625
1 0.609375 0.78125 0.0390625 0.17265625
1 0.62890625 0.821875 0.0453125 0.16875