1 0.334375 0.6984375 0.059375 0.16953125
1 0.45 0.54296875 0.0390625 0.13984375
1 0.58984375 0.44765625 0.0375 0.10546875
0 0.55703125 0.41640625 0.0109375 0.03671875
1 0.81328125 0.47734375 0.0375 0.11015625
2 0.78046875 0.5609375 0.0421875 0.103125
1 0.83203125 0.64609375 0.0515625 0.16171875
1 0.85390625 0.51328125 0.03359375 0.1109375
1 0.90546875 0.39375 0.02890625 0.05625
1 0.92421875 0.44921875 0.0296875 0.11953125
1 0.9515625 0.45 0.03359375 0.0953125
1 0.946875 0.5984375 0.04453125 0.1328125
2 0.1296875 0.37265625 0.0234375 0.07421875