0 0.603125 0.56796875 0.0140625 0.03984375
1 0.415625 0.50859375 0.0265625 0.1578125
1 0.45078125 0.59140625 0.0484375 0.15546875
1 0.53828125 0.55859375 0.0484375 0.1390625
1 0.28515625 0.5375 0.03515625 0.14765625
1 0.3140625 0.67421875 0.0421875 0.1671875
1 0.06953125 0.5328125 0.0359375 0.1015625
1 0.08046875 0.48828125 0.0359375 0.09453125
1 0.0953125 0.54765625 0.03359375 0.05703125
1 0.0953125 0.6296875 0.04609375 0.15546875
1 0.12265625 0.6890625 0.05390625 0.14453125
1 0.13359375 0.8125 0.05 0.1984375
1 0.2265625 0.8515625 0.04140625 0.21015625
1 0.634375 0.58125 0.040625 0.13671875