1 0.203125 0.73203125 0.0640625 0.15546875
1 0.2953125 0.55 0.04453125 0.1171875
1 0.3328125 0.38046875 0.02109375 0.059375
1 0.353125 0.41484375 0.0265625 0.09921875
1 0.01484375 0.484375 0.0296875 0.115625
2 0.440625 0.59609375 0.0453125 0.13203125
0 0.6828125 0.46015625 0.015625 0.03828125
1 0.72109375 0.428125 0.03203125 0.1109375
1 0.79609375 0.49453125 0.046875 0.10625
1 0.7703125 0.56953125 0.06015625 0.13046875
1 0.83984375 0.59140625 0.05234375 0.159375
1 0.4921875 0.92734375 0.05625 0.1453125
2 0.20390625 0.34375 0.03125 0.0609375