2 0.178125 0.5109375 0.05390625 0.1140625
1 0.03046875 0.484375 0.04140625 0.1234375
1 0.18125 0.73828125 0.04375 0.153125
1 0.4046875 0.7484375 0.04375 0.1734375
1 0.4015625 0.56171875 0.040625 0.1375
1 0.49140625 0.5359375 0.0390625 0.1265625
1 0.5171875 0.4421875 0.028125 0.0984375
1 0.4828125 0.3484375 0.0265625 0.07421875
1 0.65625 0.50546875 0.0265625 0.090625
1 0.6578125 0.59921875 0.040625 0.13125
1 0.7078125 0.50625 0.03125 0.11875
1 0.725 0.4671875 0.025 0.09296875
1 0.7609375 0.47265625 0.02421875 0.09296875
1 0.784375 0.50859375 0.0234375 0.04921875
1 0.79609375 0.559375 0.03984375 0.128125
1 0.49765625 0.8453125 0.04296875 0.175
0 0.7640625 0.45625 0.0109375 0.02265625