2 0.4078125 0.28984375 0.01796875 0.07109375
2 0.8765625 0.428125 0.025 0.09609375
1 0.26796875 0.45234375 0.02890625 0.115625
0 0.303125 0.49453125 0.01796875 0.0359375
1 0.16328125 0.68203125 0.0703125 0.15234375
1 0.4484375 0.50625 0.04921875 0.10859375
1 0.515625 0.39609375 0.03828125 0.10703125
1 0.65 0.44765625 0.0359375 0.11328125
1 0.5421875 0.75 0.04296875 0.18828125
1 0.71796875 0.38046875 0.028125 0.0890625
1 0.78515625 0.31796875 0.02890625 0.0765625
1 0.8296875 0.58359375 0.0421875 0.12578125
1 0.9703125 0.596875 0.03125 0.13828125
1 0.990625 0.49140625 0.01875 0.10390625