1 0.0203125 0.61171875 0.03984375 0.1328125
1 0.0125 0.56640625 0.01953125 0.0453125
1 0.10390625 0.55546875 0.03828125 0.1375
1 0.1234375 0.5484375 0.02421875 0.1203125
1 0.17109375 0.521875 0.02890625 0.1171875
1 0.15703125 0.49296875 0.01953125 0.115625
1 0.18828125 0.50078125 0.021875 0.1078125
1 0.24140625 0.55078125 0.028125 0.13671875
1 0.28671875 0.471875 0.0359375 0.125
2 0.16484375 0.61015625 0.04375 0.14765625
1 0.25390625 0.4859375 0.03359375 0.11171875
1 0.30859375 0.4453125 0.028125 0.11015625
1 0.4 0.47265625 0.03671875 0.1140625
1 0.50234375 0.5453125 0.04453125 0.14140625
1 0.6390625 0.384375 0.028125 0.0953125
1 0.70703125 0.48984375 0.03828125 0.13046875
1 0.86328125 0.5015625 0.0296875 0.13125
1 0.93828125 0.3859375 0.028125 0.09296875
1 0.94609375 0.6078125 0.028125 0.14296875
0 0.85234375 0.4125 0.015625 0.0296875
1 0.16953125 0.5265625 0.00078125 0.00390625
1 0.2171875 0.51171875 0.021875 0.11953125
1 0.196875 0.53359375 0.02421875 0.1140625
2 0.61328125 0.2984375 0.02578125 0.07734375