1 0.125 0.490625 0.03125 0.090625
1 0.1296875 0.56640625 0.0375 0.096875
1 0.18046875 0.69375 0.03515625 0.1234375
1 0.24296875 0.5390625 0.04765625 0.1109375
1 0.28984375 0.5796875 0.04375 0.10234375
1 0.365625 0.64140625 0.04140625 0.09296875
1 0.378125 0.68203125 0.0375 0.134375
1 0.40625 0.49609375 0.03671875 0.1140625
0 0.4140625 0.52890625 0.01328125 0.03125
1 0.528125 0.6265625 0.0328125 0.13359375
1 0.57109375 0.640625 0.04609375 0.1171875
1 0.61875 0.52734375 0.0390625 0.0765625
2 0.6375 0.58828125 0.05546875 0.11328125
2 0.16875 0.4421875 0.02265625 0.06875
1 0.70546875 0.64140625 0.05234375 0.1296875
1 0.8859375 0.79765625 0.0640625 0.15234375
1 0.94609375 0.63125 0.06328125 0.11171875