2 0.07109375 0.24140625 0.028125 0.07890625
2 0.49765625 0.40859375 0.0515625 0.10234375
1 0.25390625 0.378125 0.0421875 0.09921875
1 0.065625 0.521875 0.0390625 0.13515625
1 0.01875 0.69140625 0.03671875 0.16015625
1 0.13359375 0.68125 0.05234375 0.18359375
1 0.3625 0.6140625 0.03828125 0.1609375
1 0.42890625 0.47265625 0.04140625 0.103125
1 0.50859375 0.53125 0.0484375 0.11328125
1 0.55078125 0.61640625 0.04921875 0.12890625
0 0.5515625 0.53046875 0.02421875 0.0375
1 0.646875 0.72578125 0.0515625 0.15078125
1 0.746875 0.759375 0.07890625 0.16640625
1 0.67578125 0.37421875 0.02734375 0.0953125
1 0.67421875 0.32578125 0.015625 0.04609375
1 0.6796875 0.44921875 0.02421875 0.12578125
1 0.7 0.49609375 0.03046875 0.12890625
1 0.740625 0.546875 0.04375 0.1203125
1 0.7984375 0.378125 0.0296875 0.1140625
1 0.87734375 0.39921875 0.02734375 0.109375
1 0.89453125 0.51875 0.040625 0.13515625
1 0.93671875 0.48984375 0.0375 0.13671875