1 0.17265625 0.4109375 0.03515625 0.0921875
1 0.2046875 0.534375 0.034375 0.1125
1 0.31171875 0.56953125 0.02734375 0.075
1 0.32890625 0.59921875 0.034375 0.11796875
2 0.36484375 0.4484375 0.0359375 0.11484375
1 0.42890625 0.39921875 0.03046875 0.0828125
1 0.4671875 0.38671875 0.0234375 0.0875
1 0.4671875 0.540625 0.02578125 0.10625
1 0.4875 0.47265625 0.0265625 0.0375
1 0.49453125 0.5390625 0.015625 0.1109375
1 0.57109375 0.41171875 0.0328125 0.1
1 0.6546875 0.50625 0.04921875 0.1125
1 0.62890625 0.79140625 0.0640625 0.19453125
0 0.63203125 0.71015625 0.0171875 0.0390625
1 0.70234375 0.6515625 0.04453125 0.14765625
1 0.765625 0.61015625 0.03984375 0.1453125
1 0.77421875 0.56953125 0.0328125 0.12265625
1 0.6625 0.31796875 0.02265625 0.08671875