1 0.1546875 0.37265625 0.01796875 0.0625
1 0.0453125 0.3828125 0.021875 0.06875
1 0.02734375 0.44140625 0.02734375 0.07890625
1 0.1921875 0.56171875 0.04765625 0.0875
1 0.0734375 0.765625 0.06015625 0.1328125
1 0.15546875 0.77578125 0.04140625 0.14765625
1 0.459375 0.740625 0.05 0.1140625
1 0.6046875 0.790625 0.059375 0.1328125
1 0.61328125 0.6 0.0484375 0.08828125
1 0.50390625 0.5875 0.0390625 0.09609375
1 0.41484375 0.50703125 0.0359375 0.0875
2 0.371875 0.47265625 0.02421875 0.08203125
1 0.33125 0.45859375 0.03984375 0.08671875
1 0.5234375 0.4203125 0.0375 0.0734375
1 0.60625 0.38515625 0.02109375 0.0640625
1 0.7609375 0.4515625 0.03125 0.0765625
1 0.74375 0.49453125 0.0328125 0.08203125
1 0.76796875 0.56171875 0.0265625 0.08828125
0 0.60390625 0.34375 0.0140625 0.01640625