1 0.16328125 0.41015625 0.028125 0.10546875
1 0.2140625 0.55546875 0.034375 0.12890625
1 0.228125 0.51015625 0.01875 0.09765625
1 0.23515625 0.534375 0.02421875 0.10625
1 0.25703125 0.51796875 0.025 0.11640625
1 0.265625 0.5296875 0.03359375 0.10390625
1 0.2828125 0.5 0.021875 0.0984375
1 0.29453125 0.49609375 0.01796875 0.1078125
1 0.31875 0.4921875 0.02421875 0.0984375
1 0.36484375 0.50703125 0.0296875 0.10546875
1 0.37109375 0.45859375 0.01875 0.05625
1 0.40859375 0.46015625 0.02265625 0.04140625
1 0.42734375 0.45 0.0265625 0.08515625
2 0.41875 0.52578125 0.03203125 0.109375
1 0.52578125 0.5453125 0.04140625 0.10859375
1 0.55859375 0.4484375 0.03125 0.07734375
1 0.63515625 0.45703125 0.02890625 0.0953125
1 0.68203125 0.37578125 0.02578125 0.08046875
2 0.746875 0.31640625 0.02421875 0.06171875
0 0.859375 0.39609375 0.01796875 0.0390625
1 0.903125 0.45 0.028125 0.11015625
1 0.9234375 0.36953125 0.02109375 0.08984375
1 0.97421875 0.56015625 0.03828125 0.13203125