0 0.13984375 0.4015625 0.01640625 0.025
2 0.0640625 0.33671875 0.0234375 0.065625
1 0.159375 0.3796875 0.025 0.07734375
1 0.184375 0.37890625 0.0359375 0.07109375
1 0.22578125 0.49609375 0.03203125 0.10625
1 0.18125 0.55234375 0.04375 0.121875
1 0.24921875 0.44453125 0.03828125 0.1
1 0.384375 0.4953125 0.03046875 0.1125
1 0.23046875 0.9 0.06015625 0.19609375
1 0.4484375 0.3359375 0.025 0.07421875
1 0.47109375 0.38203125 0.02890625 0.103125
1 0.50859375 0.371875 0.0234375 0.0875
1 0.575 0.440625 0.0328125 0.10390625
1 0.59921875 0.44765625 0.02890625 0.08828125
2 0.69765625 0.4734375 0.046875 0.10625
1 0.79765625 0.39921875 0.03515625 0.11640625
1 0.9203125 0.503125 0.04140625 0.11015625
1 0.9546875 0.50546875 0.03515625 0.11640625
1 0.99296875 0.6125 0.01328125 0.159375