1 0.17421875 0.4578125 0.02890625 0.0671875
1 0.24609375 0.49921875 0.0390625 0.07265625
1 0.30390625 0.46875 0.03125 0.084375
1 0.346875 0.49765625 0.0328125 0.09765625
2 0.3890625 0.52421875 0.03359375 0.0765625
1 0.35390625 0.4328125 0.0296875 0.08359375
1 0.38828125 0.44765625 0.0234375 0.07578125
1 0.40390625 0.44140625 0.01640625 0.08203125
1 0.42265625 0.4671875 0.02578125 0.0765625
1 0.45625 0.45234375 0.0265625 0.0859375
1 0.46171875 0.3984375 0.0171875 0.04296875
1 0.4890625 0.471875 0.02421875 0.07578125
1 0.55625 0.40703125 0.0296875 0.06796875
1 0.60625 0.5203125 0.03515625 0.07265625
1 0.70625 0.40703125 0.02109375 0.06171875
1 0.7375 0.415625 0.0234375 0.065625
1 0.7796875 0.4375 0.02578125 0.0796875
1 0.84453125 0.5875 0.03515625 0.12578125