2 0.01953125 0.4984375 0.0390625 0.11484375
1 0.07265625 0.29375 0.021875 0.07890625
1 0.19375 0.453125 0.0421875 0.1125
1 0.33046875 0.4109375 0.03359375 0.10703125
1 0.371875 0.765625 0.05234375 0.1484375
1 0.55390625 0.63046875 0.04140625 0.16015625
1 0.56796875 0.4125 0.03828125 0.0984375
1 0.43984375 0.27890625 0.02734375 0.071875
1 0.77265625 0.459375 0.02734375 0.125
2 0.98203125 0.5734375 0.03515625 0.1203125
1 0.746875 0.2875 0.028125 0.075
0 0.91484375 0.746875 0.01953125 0.0453125
1 0.6421875 0.80625 0.04453125 0.159375