1 0.465625 0.68828125 0.04140625 0.1640625
1 0.43046875 0.75078125 0.0375 0.04140625
1 0.37109375 0.26328125 0.02265625 0.0921875
1 0.53828125 0.234375 0.02265625 0.06015625
1 0.54375 0.3234375 0.04296875 0.08671875
1 0.6171875 0.51171875 0.03828125 0.121875
0 0.6625 0.54140625 0.02265625 0.03828125
2 0.79765625 0.496875 0.03671875 0.115625
1 0.82734375 0.3796875 0.03984375 0.0984375
1 0.79296875 0.24375 0.02265625 0.0765625
1 0.75 0.159375 0.028125 0.04453125
1 0.8625 0.26953125 0.02734375 0.07265625
1 0.91953125 0.2328125 0.0203125 0.07265625
1 0.94453125 0.30078125 0.0265625 0.09375
1 0.83984375 0.5359375 0.0421875 0.13046875
1 0.89765625 0.896875 0.04453125 0.14921875