1 0.1921875 0.53046875 0.0328125 0.153125
1 0.23671875 0.5890625 0.0421875 0.14453125
1 0.3015625 0.525 0.034375 0.14609375
2 0.35 0.3359375 0.028125 0.0859375
1 0.375 0.33125 0.02265625 0.06875
1 0.38046875 0.38125 0.03515625 0.10703125
0 0.19453125 0.3609375 0.01171875 0.0359375
1 0.50859375 0.36875 0.0375 0.11796875
1 0.6421875 0.525 0.053125 0.14609375
1 0.58515625 0.7265625 0.0546875 0.1703125
2 0.8234375 0.51640625 0.0359375 0.13984375
1 0.85390625 0.49140625 0.03125 0.13359375
1 0.840625 0.4171875 0.0328125 0.11171875