1 0.06328125 0.40234375 0.0296875 0.0921875
1 0.175 0.36796875 0.02890625 0.08046875
1 0.1859375 0.55859375 0.03671875 0.1234375
1 0.03828125 0.753125 0.06015625 0.1453125
1 0.303125 0.67734375 0.0375 0.146875
1 0.3921875 0.559375 0.03125 0.109375
1 0.38828125 0.48515625 0.028125 0.09765625
1 0.40625 0.5265625 0.034375 0.10078125
2 0.40703125 0.45390625 0.02421875 0.06953125
1 0.546875 0.36640625 0.02734375 0.11328125
1 0.5796875 0.46484375 0.03828125 0.1125
1 0.5953125 0.5984375 0.046875 0.0734375
1 0.5796875 0.69375 0.04921875 0.13828125
1 0.7671875 0.71796875 0.05 0.1390625
1 0.69375 0.48515625 0.03046875 0.10703125
1 0.86875 0.4203125 0.0359375 0.10625
1 0.890625 0.53828125 0.03125 0.125
1 0.93671875 0.50078125 0.04140625 0.11953125
0 0.37421875 0.61953125 0.01640625 0.03125
2 0.08515625 0.20234375 0.02578125 0.05234375