1 0.0828125 0.65703125 0.04453125 0.14296875
1 0.23125 0.559375 0.04375 0.0953125
1 0.275 0.55 0.0296875 0.10703125
2 0.29375 0.63828125 0.03984375 0.146875
1 0.39765625 0.515625 0.0359375 0.11171875
1 0.46328125 0.52734375 0.03203125 0.1125
1 0.48828125 0.47421875 0.0390625 0.09609375
2 0.615625 0.39453125 0.021875 0.07421875
1 0.63203125 0.4234375 0.02578125 0.096875
1 0.67265625 0.4984375 0.03046875 0.115625
1 0.62734375 0.61796875 0.05625 0.13515625
1 0.7671875 0.4890625 0.040625 0.09921875
1 0.965625 0.60859375 0.05390625 0.1453125
0 0.740625 0.521875 0.01015625 0.03125