1 0.09296875 0.46328125 0.0421875 0.096875
0 0.1234375 0.5078125 0.0203125 0.04765625
1 0.36640625 0.40390625 0.034375 0.0921875
1 0.45390625 0.43828125 0.040625 0.10234375
2 0.471875 0.2734375 0.01953125 0.053125
1 0.67734375 0.30390625 0.025 0.0546875
1 0.70546875 0.578125 0.03515625 0.14375
1 0.59140625 0.81796875 0.06953125 0.15
1 0.65625 0.73984375 0.046875 0.1421875
1 0.75 0.56171875 0.028125 0.1046875
1 0.7671875 0.503125 0.0296875 0.09765625
1 0.80859375 0.54453125 0.03828125 0.14765625
1 0.7453125 0.34765625 0.02578125 0.0828125
1 0.87578125 0.4375 0.0390625 0.09296875
1 0.91875 0.378125 0.03125 0.09296875
2 0.953125 0.4203125 0.03125 0.1
1 0.95234375 0.50234375 0.0359375 0.1046875
1 0.98984375 0.39140625 0.0203125 0.10859375