1 0.0984375 0.59375 0.0265625 0.13984375
1 0.1171875 0.5828125 0.0296875 0.13359375
1 0.14296875 0.55703125 0.03125 0.1359375
1 0.171875 0.55625 0.02421875 0.12734375
1 0.209375 0.528125 0.02890625 0.128125
1 0.2296875 0.51796875 0.02265625 0.125
1 0.26328125 0.50546875 0.03203125 0.1140625
1 0.3953125 0.446875 0.03046875 0.115625
1 0.32578125 0.47109375 0.025 0.11171875
1 0.5390625 0.4359375 0.03828125 0.0921875
1 0.67734375 0.396875 0.02890625 0.10625
1 0.69765625 0.51640625 0.04140625 0.11953125
1 0.81328125 0.49140625 0.0375 0.11875
1 0.91953125 0.39140625 0.03125 0.09296875
0 0.86328125 0.41875 0.01484375 0.0359375
1 0.9890625 0.4921875 0.02109375 0.1359375
2 0.65 0.30390625 0.03359375 0.078125
1 0.246875 0.54375 0.028125 0.1171875
1 0.2921875 0.49609375 0.0328125 0.1140625
1 0.37109375 0.52265625 0.03203125 0.1265625
2 0.38046875 0.56875 0.03828125 0.13203125