1 0.084375 0.50859375 0.0390625 0.128125
1 0.06875 0.4140625 0.0375 0.09765625
1 0.10859375 0.4421875 0.0296875 0.0984375
1 0.1578125 0.51015625 0.0421875 0.09765625
1 0.13671875 0.58125 0.046875 0.11640625
1 0.225 0.61875 0.0546875 0.11875
1 0.23046875 0.48828125 0.0546875 0.11015625
1 0.465625 0.46953125 0.04609375 0.090625
1 0.58828125 0.5046875 0.0375 0.109375
1 0.60546875 0.54921875 0.03671875 0.0921875
1 0.60546875 0.6265625 0.0515625 0.1265625
1 0.71796875 0.703125 0.0671875 0.15703125
1 0.88515625 0.61484375 0.05390625 0.1359375