1 0.1265625 0.43359375 0.046875 0.159375
1 0.0234375 0.75546875 0.046875 0.1671875
1 0.3140625 0.67265625 0.06953125 0.1265625
0 0.42109375 0.44609375 0.0234375 0.0578125
2 0.20234375 0.37265625 0.0546875 0.14140625
1 0.3921875 0.29296875 0.05078125 0.1
1 0.421875 0.35703125 0.03359375 0.090625
1 0.4953125 0.425 0.0390625 0.14453125
1 0.56953125 0.33671875 0.04296875 0.10546875
1 0.69375 0.29921875 0.03125 0.08203125
1 0.69921875 0.37890625 0.03125 0.09765625
1 0.7203125 0.40078125 0.02578125 0.04140625
1 0.71640625 0.440625 0.03828125 0.06875
1 0.72265625 0.52265625 0.0453125 0.14453125
1 0.76015625 0.38125 0.034375 0.121875
1 0.88046875 0.61171875 0.0484375 0.1234375
1 0.9171875 0.49375 0.046875 0.128125