1 0.16953125 0.3328125 0.02734375 0.1015625
1 0.23203125 0.346875 0.0328125 0.1296875
1 0.19765625 0.52421875 0.05078125 0.1328125
1 0.2109375 0.8484375 0.04453125 0.17734375
1 0.4046875 0.44609375 0.03203125 0.1203125
1 0.43515625 0.290625 0.03828125 0.0703125
1 0.475 0.33359375 0.02265625 0.09609375
1 0.48828125 0.37734375 0.028125 0.103125
1 0.503125 0.35390625 0.02421875 0.090625
1 0.53046875 0.4515625 0.0296875 0.11875
1 0.828125 0.31484375 0.03671875 0.103125
1 0.66796875 0.34296875 0.0390625 0.10078125
2 0.7296875 0.4265625 0.0375 0.11796875
1 0.87890625 0.4125 0.046875 0.125
1 0.93828125 0.41953125 0.034375 0.11171875
2 0.2484375 0.26953125 0.02109375 0.07578125