1 0.10625 0.525 0.03515625 0.1078125
1 0.2875 0.5703125 0.03515625 0.1109375
2 0.3515625 0.59140625 0.03828125 0.11796875
1 0.37890625 0.57421875 0.03828125 0.10703125
1 0.3875 0.47109375 0.03671875 0.09375
0 0.38828125 0.490625 0.01328125 0.025
1 0.4203125 0.48671875 0.0265625 0.08671875
1 0.465625 0.51484375 0.02109375 0.08359375
1 0.48359375 0.5984375 0.03046875 0.10625
1 0.5 0.54453125 0.03046875 0.10390625
1 0.634375 0.490625 0.02421875 0.0875
1 0.646875 0.4609375 0.01953125 0.08125
1 0.70625 0.53046875 0.03515625 0.09375
1 0.8671875 0.615625 0.03984375 0.115625
1 0.8984375 0.61015625 0.03359375 0.1203125
1 0.8828125 0.71640625 0.046875 0.13984375