1 0.04765625 0.4453125 0.0453125 0.10390625
1 0.27109375 0.52734375 0.0421875 0.10390625
1 0.30859375 0.484375 0.03359375 0.134375
1 0.3375 0.49453125 0.0390625 0.1125
1 0.43046875 0.4640625 0.0390625 0.10859375
1 0.40703125 0.58671875 0.0359375 0.12890625
2 0.54765625 0.6078125 0.040625 0.1484375
1 0.53984375 0.5 0.0390625 0.0984375
1 0.57890625 0.40390625 0.03515625 0.09453125
1 0.6765625 0.359375 0.03046875 0.1
1 0.65859375 0.48359375 0.0296875 0.11875
1 0.70703125 0.4609375 0.0328125 0.1203125
1 0.728125 0.51953125 0.0265625 0.12421875
1 0.74609375 0.4859375 0.03359375 0.13984375
1 0.88203125 0.59609375 0.0390625 0.16171875
1 0.91171875 0.6171875 0.0390625 0.15390625
1 0.96796875 0.51875 0.05078125 0.140625
0 0.64140625 0.52734375 0.01171875 0.03203125
2 0.77265625 0.30234375 0.040625 0.08515625