1 0.1359375 0.55 0.0296875 0.1171875
1 0.20546875 0.50703125 0.028125 0.11171875
1 0.2234375 0.4953125 0.03359375 0.10078125
1 0.253125 0.4875 0.025 0.1109375
1 0.28359375 0.48046875 0.025 0.1125
1 0.30625 0.55390625 0.03984375 0.1109375
1 0.33828125 0.4609375 0.02265625 0.0875
1 0.35078125 0.49609375 0.0390625 0.09765625
1 0.48203125 0.5359375 0.03671875 0.10859375
1 0.496875 0.44140625 0.01953125 0.08984375
1 0.5046875 0.41484375 0.02578125 0.084375
1 0.6125 0.396875 0.02265625 0.08515625
1 0.69921875 0.47578125 0.03359375 0.1171875
1 0.7171875 0.440625 0.025 0.10703125
1 0.75234375 0.47734375 0.03046875 0.09921875
1 0.7953125 0.425 0.02578125 0.0859375
2 0.79453125 0.4625 0.02734375 0.0953125
1 0.87734375 0.45625 0.03515625 0.096875
1 0.82890625 0.3796875 0.02265625 0.10234375
1 0.9140625 0.409375 0.034375 0.1140625
1 0.93203125 0.60234375 0.02890625 0.1484375
0 0.82265625 0.37734375 0.01015625 0.0171875
2 0.59140625 0.30859375 0.0234375 0.0640625