1 0.0984375 0.646875 0.0484375 0.1453125
1 0.14921875 0.47890625 0.05859375 0.1078125
1 0.30234375 0.45859375 0.0421875 0.109375
1 0.4046875 0.4921875 0.03671875 0.10546875
1 0.56328125 0.4015625 0.03671875 0.090625
1 0.5375 0.559375 0.0515625 0.11484375
0 0.584375 0.58984375 0.015625 0.034375
1 0.60546875 0.5703125 0.04140625 0.103125
1 0.6609375 0.34609375 0.02578125 0.08046875
2 0.71640625 0.47421875 0.03359375 0.08828125
1 0.73984375 0.44765625 0.03515625 0.10546875
1 0.7796875 0.39375 0.0265625 0.09765625
1 0.746875 0.62421875 0.040625 0.13984375
1 0.88828125 0.39453125 0.0296875 0.10390625
1 0.9296875 0.43828125 0.025 0.10234375
1 0.953125 0.45625 0.025 0.1234375
2 0.19765625 0.3296875 0.01953125 0.0625