1 0.13359375 0.3796875 0.04140625 0.09921875
1 0.38671875 0.35234375 0.03203125 0.09375
1 0.41015625 0.32734375 0.0265625 0.084375
1 0.47578125 0.33203125 0.040625 0.08515625
1 0.38359375 0.3828125 0.02265625 0.03125
2 0.3875 0.4375 0.040625 0.10390625
1 0.42734375 0.68671875 0.04453125 0.17578125
0 0.5015625 0.38828125 0.01953125 0.028125
1 0.5578125 0.49453125 0.040625 0.12578125
1 0.6015625 0.37109375 0.03203125 0.115625
1 0.65703125 0.40859375 0.034375 0.10078125
1 0.7 0.47890625 0.034375 0.13828125
1 0.7484375 0.6328125 0.0421875 0.15859375
1 0.82109375 0.4921875 0.0375 0.13515625
1 0.7703125 0.38359375 0.03671875 0.103125