1 0.08984375 0.37109375 0.03125 0.0890625
1 0.1359375 0.3890625 0.03046875 0.0921875
1 0.19453125 0.57578125 0.05546875 0.11015625
1 0.24140625 0.67734375 0.06328125 0.13515625
1 0.77734375 0.84296875 0.06953125 0.1625
2 0.375 0.4875 0.04140625 0.11953125
0 0.56015625 0.45 0.01328125 0.03203125
1 0.60234375 0.3671875 0.040625 0.09453125
1 0.64453125 0.48671875 0.05234375 0.1015625
1 0.6796875 0.4671875 0.03203125 0.10078125
1 0.70625 0.48046875 0.0375 0.11640625
1 0.7921875 0.47890625 0.034375 0.1046875
1 0.8484375 0.3984375 0.02578125 0.09609375
1 0.87421875 0.40703125 0.028125 0.09765625
1 0.92265625 0.4296875 0.03203125 0.103125
1 0.9734375 0.4734375 0.03125 0.13125