1 0.87578125 0.2890625 0.03359375 0.09609375
0 0.73125 0.375 0.0203125 0.04921875
1 0.0296875 0.6140625 0.059375 0.1734375
1 0.15078125 0.4421875 0.03984375 0.1359375
1 0.2375 0.5484375 0.05 0.134375
2 0.25546875 0.3703125 0.03984375 0.1140625
1 0.3234375 0.38046875 0.04453125 0.11875
1 0.38125 0.3375 0.03515625 0.11171875
1 0.40546875 0.4390625 0.0484375 0.1484375
1 0.45859375 0.56484375 0.0421875 0.146875
1 0.51484375 0.57890625 0.04609375 0.1390625
1 0.57890625 0.6484375 0.06875 0.1625
1 0.53515625 0.3515625 0.0453125 0.1171875
1 0.60078125 0.38671875 0.04921875 0.12421875
1 0.63046875 0.50859375 0.05703125 0.12890625
1 0.70078125 0.5140625 0.0546875 0.13203125
1 0.76484375 0.50703125 0.06640625 0.125
1 0.8390625 0.7015625 0.07734375 0.1578125