1 0.1109375 0.41484375 0.03984375 0.1109375
1 0.25703125 0.47109375 0.040625 0.13828125
1 0.22890625 0.7328125 0.08125 0.14609375
1 0.33125 0.39765625 0.03125 0.10625
1 0.3421875 0.321875 0.025 0.07578125
2 0.43515625 0.371875 0.03828125 0.10234375
1 0.4875 0.38984375 0.0375 0.10859375
1 0.553125 0.3546875 0.03984375 0.1078125
1 0.52578125 0.45 0.0453125 0.09765625
1 0.5515625 0.46796875 0.03359375 0.0609375
1 0.54375 0.52421875 0.0375 0.096875
1 0.48125 0.634375 0.06875 0.14921875
1 0.55546875 0.73125 0.075 0.15703125
1 0.796875 0.6953125 0.084375 0.13125
1 0.74765625 0.4453125 0.065625 0.1125
1 0.90546875 0.55078125 0.04609375 0.153125
1 0.91953125 0.321875 0.04296875 0.11015625
0 0.5640625 0.521875 0.01796875 0.04609375
2 0.18203125 0.23359375 0.0203125 0.07734375