2 0.77265625 0.43515625 0.04296875 0.103125
1 0.23046875 0.565625 0.03984375 0.13828125
1 0.3140625 0.44453125 0.04140625 0.09296875
1 0.47890625 0.415625 0.03828125 0.10390625
1 0.5875 0.53515625 0.03515625 0.09921875
0 0.65 0.60546875 0.021875 0.05078125
1 0.73203125 0.5984375 0.05234375 0.12578125
1 0.68046875 0.47578125 0.028125 0.10234375
1 0.7359375 0.5125 0.034375 0.10546875
1 0.7234375 0.384375 0.03046875 0.1015625
1 0.821875 0.3296875 0.02890625 0.07734375
1 0.9109375 0.35703125 0.021875 0.0796875
1 0.91640625 0.43515625 0.03125 0.11015625
2 0.3953125 0.28671875 0.01796875 0.05859375