0 0.58828125 0.53515625 0.02578125 0.04765625
1 0.34375 0.609375 0.040625 0.146875
1 0.221875 0.475 0.04453125 0.09453125
1 0.01640625 0.4890625 0.0328125 0.08984375
1 0.01640625 0.35859375 0.02890625 0.0875
1 0.171875 0.34140625 0.02578125 0.0828125
1 0.240625 0.37109375 0.0390625 0.0890625
1 0.37734375 0.4 0.04453125 0.103125
2 0.42890625 0.39453125 0.03359375 0.10234375
1 0.4125 0.334375 0.021875 0.0796875
1 0.48671875 0.315625 0.02265625 0.1015625
1 0.46875 0.2671875 0.0203125 0.05625
1 0.63671875 0.36171875 0.03515625 0.10234375
1 0.6984375 0.37578125 0.028125 0.103125
1 0.75625 0.4375 0.05078125 0.10078125
1 0.91328125 0.56640625 0.04921875 0.121875
1 0.4765625 0.87890625 0.0734375 0.1828125