1 0.01640625 0.39140625 0.03203125 0.12578125
1 0.184375 0.4625 0.028125 0.10546875
1 0.39296875 0.5203125 0.0375 0.121875
1 0.4390625 0.38515625 0.03359375 0.09921875
1 0.48828125 0.334375 0.028125 0.09765625
1 0.665625 0.39765625 0.028125 0.11640625
1 0.62890625 0.2765625 0.03671875 0.07734375
1 0.7484375 0.31171875 0.034375 0.09609375
1 0.83046875 0.47421875 0.02734375 0.1140625
1 0.77265625 0.55 0.04609375 0.10234375
1 0.69921875 0.47421875 0.046875 0.09921875
1 0.590625 0.571875 0.02890625 0.1203125
1 0.63828125 0.725 0.03671875 0.15234375
1 0.859375 0.9140625 0.0859375 0.16328125
2 0.59609375 0.3671875 0.02890625 0.09375
2 0.16640625 0.25078125 0.0265625 0.06640625
0 0.18046875 0.47890625 0.01171875 0.01796875