1 0.06328125 0.421875 0.05390625 0.13671875
1 0.02265625 0.884375 0.0453125 0.17265625
1 0.19921875 0.3609375 0.05 0.096875
1 0.2546875 0.3484375 0.03671875 0.09609375
1 0.25234375 0.41015625 0.04609375 0.103125
1 0.240625 0.51796875 0.06484375 0.115625
2 0.35078125 0.4515625 0.0359375 0.15078125
1 0.4859375 0.5453125 0.05546875 0.153125
1 0.5578125 0.440625 0.05234375 0.11875
1 0.47109375 0.33046875 0.0390625 0.08671875
1 0.625 0.38203125 0.0265625 0.10859375
1 0.5109375 0.27578125 0.028125 0.084375
1 0.7453125 0.4625 0.03515625 0.1171875
1 0.81015625 0.428125 0.06171875 0.103125
0 0.28359375 0.4359375 0.01953125 0.02734375