1 0.03515625 0.7359375 0.046875 0.175
1 0.22734375 0.71328125 0.0609375 0.16015625
2 0.2390625 0.55546875 0.05390625 0.153125
1 0.396875 0.596875 0.03671875 0.1328125
1 0.43828125 0.48828125 0.028125 0.10390625
1 0.50703125 0.42890625 0.01796875 0.0828125
1 0.52734375 0.440625 0.01640625 0.0875
0 0.53984375 0.4515625 0.0125 0.0390625
1 0.70234375 0.62578125 0.04609375 0.12578125
1 0.7671875 0.56484375 0.04609375 0.13203125
1 0.7921875 0.53046875 0.02421875 0.11640625
1 0.84453125 0.609375 0.0390625 0.121875
1 0.85859375 0.6703125 0.04765625 0.13671875
1 0.93046875 0.88203125 0.05859375 0.18984375