1 0.11875 0.4859375 0.0515625 0.1234375
1 0.12265625 0.584375 0.0515625 0.12421875
1 0.178125 0.55859375 0.04609375 0.13828125
1 0.25390625 0.8234375 0.05625 0.18984375
1 0.2265625 0.40078125 0.0546875 0.1078125
1 0.3796875 0.48125 0.04921875 0.12421875
2 0.3328125 0.32265625 0.03359375 0.07734375
1 0.3640625 0.35625 0.03046875 0.10390625
1 0.409375 0.34609375 0.03359375 0.08046875
0 0.43671875 0.35546875 0.0171875 0.03984375
1 0.65390625 0.42109375 0.03203125 0.08984375
2 0.68515625 0.45546875 0.03984375 0.11640625
1 0.71328125 0.35625 0.03984375 0.0859375
1 0.7359375 0.41875 0.04140625 0.121875
1 0.8671875 0.54375 0.0359375 0.13203125
1 0.8640625 0.3359375 0.034375 0.0671875
1 0.784375 0.33828125 0.0421875 0.08046875