1 0.06953125 0.3484375 0.0265625 0.084375
1 0.3703125 0.3171875 0.0265625 0.08984375
1 0.5015625 0.41015625 0.02578125 0.08203125
1 0.55 0.440625 0.03828125 0.10234375
1 0.56015625 0.55859375 0.04296875 0.1171875
0 0.571875 0.590625 0.0140625 0.0328125
1 0.7359375 0.4609375 0.0359375 0.10234375
2 0.7703125 0.4453125 0.02734375 0.0859375
1 0.62109375 0.290625 0.0234375 0.0625
1 0.734375 0.2359375 0.01484375 0.0484375
1 0.78125 0.3125 0.01875 0.07265625
1 0.80390625 0.32109375 0.0203125 0.0890625
1 0.76796875 0.5765625 0.03984375 0.1078125
1 0.86875 0.28984375 0.0203125 0.05625
1 0.89296875 0.3625 0.02421875 0.0796875
1 0.934375 0.41171875 0.02421875 0.09375
1 0.9484375 0.4234375 0.02109375 0.10625
1 0.96875 0.353125 0.01796875 0.08359375
1 0.98515625 0.38515625 0.01875 0.06953125
1 0.41484375 0.8125 0.025 0.13125
1 0.884375 0.88515625 0.0359375 0.15703125