1 0.203125 0.3984375 0.028125 0.08828125
1 0.1453125 0.5921875 0.046875 0.12734375
1 0.18203125 0.5734375 0.0265625 0.1265625
1 0.32265625 0.46015625 0.03984375 0.09453125
2 0.415625 0.4484375 0.0203125 0.1
1 0.396875 0.38359375 0.025 0.078125
1 0.446875 0.3703125 0.02890625 0.08828125
1 0.58828125 0.40859375 0.0375 0.09453125
1 0.6734375 0.30703125 0.02421875 0.07265625
1 0.446875 0.6265625 0.03671875 0.1265625
1 0.475 0.60859375 0.034375 0.13515625
1 0.5734375 0.56171875 0.03671875 0.134375
1 0.6625 0.5984375 0.03125 0.11171875
1 0.653125 0.52421875 0.0328125 0.103125
1 0.6734375 0.540625 0.03046875 0.09453125
1 0.74375 0.5390625 0.0328125 0.103125
1 0.61875 0.7703125 0.0546875 0.1828125
0 0.615625 0.6953125 0.0171875 0.0390625