1 0.04296875 0.38203125 0.03125 0.11796875
1 0.0875 0.5078125 0.0375 0.13046875
1 0.03359375 0.45859375 0.0328125 0.12734375
2 0.01015625 0.48125 0.0203125 0.128125
1 0.203125 0.36875 0.0328125 0.11796875
1 0.2234375 0.40546875 0.03671875 0.1328125
1 0.36875 0.53046875 0.03984375 0.13125
1 0.39609375 0.4296875 0.046875 0.12578125
1 0.63671875 0.46640625 0.0421875 0.12734375
1 0.69765625 0.4984375 0.04921875 0.115625
1 0.78125 0.5953125 0.05859375 0.13359375
1 0.8203125 0.4171875 0.03984375 0.11875
0 0.76796875 0.47578125 0.028125 0.03671875