1 0.0671875 0.52890625 0.05 0.1203125
1 0.11796875 0.51015625 0.04453125 0.11640625
1 0.26171875 0.57578125 0.04296875 0.14296875
1 0.36875 0.44609375 0.03046875 0.09609375
2 0.53828125 0.4828125 0.03828125 0.09765625
0 0.4125 0.77734375 0.021875 0.04375
1 0.52265625 0.6921875 0.0453125 0.146875
1 0.6140625 0.75234375 0.05546875 0.07734375
1 0.6515625 0.64609375 0.03359375 0.10546875
1 0.61796875 0.540625 0.0359375 0.08828125
1 0.55078125 0.37578125 0.02421875 0.0953125
1 0.6375 0.42109375 0.03359375 0.09609375
1 0.7296875 0.403125 0.03046875 0.096875
1 0.8921875 0.4703125 0.0375 0.10390625
1 0.91015625 0.615625 0.05546875 0.1375
1 0.93671875 0.44609375 0.04453125 0.1109375
1 0.98359375 0.39765625 0.03125 0.11640625