1 0.01484375 0.52421875 0.0296875 0.1390625
1 0.0625 0.52109375 0.05390625 0.14140625
1 0.05703125 0.6890625 0.0484375 0.18515625
1 0.253125 0.75390625 0.0515625 0.18046875
1 0.16875 0.415625 0.04375 0.11875
1 0.20859375 0.4859375 0.04765625 0.13828125
1 0.2796875 0.40859375 0.0328125 0.115625
1 0.36484375 0.453125 0.03515625 0.1171875
1 0.403125 0.37578125 0.0328125 0.0953125
2 0.4328125 0.37109375 0.04140625 0.1125
1 0.4890625 0.55703125 0.05703125 0.1734375
1 0.5421875 0.37109375 0.025 0.115625
1 0.56171875 0.3734375 0.02890625 0.10859375
1 0.67265625 0.4515625 0.04296875 0.12890625
1 0.7046875 0.45859375 0.04921875 0.1421875
1 0.81171875 0.39921875 0.03203125 0.12734375
1 0.859375 0.41640625 0.0390625 0.13203125
1 0.80390625 0.603125 0.0484375 0.153125
1 0.9390625 0.65234375 0.0484375 0.15234375
1 0.9453125 0.425 0.04765625 0.1265625
2 0.12421875 0.31015625 0.04140625 0.08984375