1 0.184375 0.45078125 0.05 0.09296875
1 0.14765625 0.6546875 0.04453125 0.13828125
2 0.34296875 0.46328125 0.04140625 0.10390625
1 0.4421875 0.40078125 0.040625 0.10390625
1 0.4921875 0.37265625 0.0234375 0.0625
1 0.4953125 0.434375 0.04296875 0.08984375
1 0.47578125 0.5484375 0.04921875 0.103125
1 0.53359375 0.74921875 0.0328125 0.115625
1 0.56640625 0.74296875 0.046875 0.1453125
1 0.6015625 0.6390625 0.04296875 0.11875
1 0.703125 0.38359375 0.028125 0.0671875
1 0.7 0.4515625 0.02265625 0.103125
1 0.7203125 0.459375 0.03046875 0.09921875
1 0.7484375 0.58359375 0.0375 0.10625
1 0.8140625 0.52734375 0.034375 0.10546875
1 0.8390625 0.509375 0.03125 0.103125
1 0.915625 0.58828125 0.04765625 0.1203125
1 0.98203125 0.6734375 0.0328125 0.13046875
1 0.91015625 0.37109375 0.03828125 0.09296875
0 0.4859375 0.80703125 0.02421875 0.05390625