1 0.02421875 0.4671875 0.03203125 0.09609375
1 0.16640625 0.50234375 0.0640625 0.12578125
1 0.3921875 0.565625 0.03515625 0.12421875
1 0.225 0.55 0.0453125 0.13203125
1 0.29296875 0.54140625 0.05859375 0.121875
1 0.3421875 0.48984375 0.03203125 0.109375
1 0.3671875 0.4796875 0.0234375 0.11484375
1 0.396875 0.50546875 0.03984375 0.090625
1 0.4421875 0.578125 0.04453125 0.1140625
1 0.5328125 0.51640625 0.04609375 0.11796875
1 0.703125 0.765625 0.0625 0.1484375
1 0.721875 0.49140625 0.02890625 0.096875
1 0.77578125 0.59453125 0.0453125 0.121875
1 0.8078125 0.478125 0.02734375 0.0921875
1 0.825 0.54296875 0.03125 0.10390625
1 0.83203125 0.59375 0.04921875 0.12109375