1 0.04921875 0.265625 0.03515625 0.115625
1 0.1734375 0.27578125 0.034375 0.10234375
1 0.20859375 0.28828125 0.0296875 0.09765625
1 0.228125 0.3375 0.0328125 0.10859375
1 0.1171875 0.440625 0.034375 0.125
1 0.48984375 0.3859375 0.0359375 0.11015625
1 0.5078125 0.4921875 0.0421875 0.11015625
1 0.5734375 0.465625 0.05703125 0.11640625
1 0.60546875 0.58046875 0.05234375 0.1453125
1 0.67890625 0.540625 0.04375 0.1375
1 0.77578125 0.51875 0.04921875 0.12890625
1 0.92265625 0.5875 0.040625 0.1546875
0 0.821875 0.62578125 0.025 0.04296875
1 0.3671875 0.25546875 0.040625 0.103125