1 0.0953125 0.33828125 0.0359375 0.0984375
1 0.10546875 0.45078125 0.04140625 0.1046875
1 0.13671875 0.43125 0.05 0.10234375
1 0.30546875 0.50078125 0.05 0.10859375
1 0.36953125 0.678125 0.03671875 0.13359375
1 0.421875 0.709375 0.04921875 0.1359375
1 0.7296875 0.509375 0.03828125 0.096875
1 0.89765625 0.709375 0.04375 0.15078125
1 0.62734375 0.4421875 0.0359375 0.08359375
1 0.32421875 0.39453125 0.0296875 0.10078125
1 0.39453125 0.3484375 0.03046875 0.09921875
1 0.4640625 0.30234375 0.03359375 0.08125
1 0.425 0.2875 0.021875 0.08125
1 0.24765625 0.27578125 0.02890625 0.08125
2 0.31796875 0.32265625 0.0359375 0.07890625
1 0.6796875 0.34453125 0.02734375 0.0953125
1 0.734375 0.3796875 0.01875 0.0921875
1 0.7484375 0.36953125 0.02109375 0.08984375
1 0.7828125 0.35078125 0.02109375 0.08203125
1 0.7828125 0.4328125 0.040625 0.0984375
0 0.77421875 0.69765625 0.02265625 0.03828125