1 0.0796875 0.3828125 0.04453125 0.11953125
1 0.209375 0.39765625 0.0484375 0.11953125
1 0.165625 0.465625 0.04375 0.11953125
1 0.165625 0.54765625 0.05 0.13125
1 0.28515625 0.41015625 0.04375 0.10546875
1 0.3640625 0.43359375 0.04296875 0.125
1 0.3296875 0.6359375 0.05390625 0.140625
1 0.5171875 0.534375 0.0375 0.1390625
1 0.58125 0.55234375 0.04765625 0.13671875
1 0.57734375 0.65625 0.05 0.153125
0 0.6578125 0.55 0.02421875 0.04765625
1 0.8234375 0.58046875 0.0375 0.115625
1 0.86015625 0.62265625 0.065625 0.15859375
1 0.48125 0.3515625 0.046875 0.1015625