1 0.2421875 0.703125 0.08984375 0.08359375
1 0.290625 0.625 0.0375 0.07578125
1 0.29375 0.55234375 0.03203125 0.096875
0 0.33828125 0.5703125 0.015625 0.04375
1 0.3234375 0.4125 0.0359375 0.08671875
1 0.57109375 0.4625 0.0484375 0.0984375
2 0.61171875 0.5859375 0.04140625 0.12265625
1 0.56640625 0.90859375 0.09296875 0.17890625
1 0.64296875 0.7484375 0.0453125 0.14375
1 0.6765625 0.58671875 0.03984375 0.1203125
1 0.7265625 0.65625 0.040625 0.14140625
1 0.80546875 0.453125 0.03359375 0.09453125
1 0.91796875 0.9234375 0.06015625 0.153125
2 0.89296875 0.32421875 0.01953125 0.04375