1 0.13359375 0.48046875 0.0234375 0.12578125
1 0.34375 0.41171875 0.0265625 0.103125
1 0.4921875 0.28515625 0.0171875 0.05390625
1 0.49765625 0.33515625 0.01875 0.07265625
1 0.51640625 0.34296875 0.01328125 0.07109375
1 0.52421875 0.48125 0.025 0.09921875
1 0.515625 0.58125 0.03984375 0.121875
1 0.48671875 0.5890625 0.02109375 0.125
1 0.49375 0.878125 0.04375 0.16640625
1 0.66640625 0.68515625 0.046875 0.13359375
1 0.75 0.54921875 0.03359375 0.1125
1 0.57890625 0.3921875 0.03046875 0.09140625
1 0.80625 0.484375 0.0328125 0.090625
1 0.9 0.3421875 0.02734375 0.07578125
1 0.9921875 0.41640625 0.015625 0.1203125
2 0.434375 0.36640625 0.03984375 0.08359375
0 0.50234375 0.515625 0.00859375 0.01875
2 0.10625 0.265625 0.02421875 0.06796875