1 0.0765625 0.56484375 0.05859375 0.13203125
1 0.02109375 0.74765625 0.0421875 0.1390625
2 0.01875 0.44921875 0.03515625 0.08671875
1 0.24765625 0.50625 0.046875 0.10390625
2 0.4484375 0.53515625 0.03671875 0.09921875
1 0.278125 0.7921875 0.06640625 0.15703125
1 0.59375 0.45859375 0.0265625 0.08984375
1 0.63203125 0.4515625 0.0328125 0.09765625
1 0.75078125 0.4375 0.03203125 0.0859375
1 0.79609375 0.459375 0.03203125 0.09296875
1 0.82421875 0.44140625 0.02578125 0.09375
1 0.77109375 0.56015625 0.03984375 0.1234375
1 0.83984375 0.60859375 0.0359375 0.13046875
1 0.87890625 0.66796875 0.0453125 0.13515625
1 0.8890625 0.52421875 0.03984375 0.11484375