2 0.18828125 0.3453125 0.01953125 0.05234375
2 0.2703125 0.5 0.03359375 0.11015625
1 0.01796875 0.43671875 0.03125 0.0734375
1 0.03125 0.49296875 0.0296875 0.096875
1 0.00703125 0.51484375 0.0140625 0.0859375
1 0.07109375 0.5625 0.0453125 0.10625
1 0.2375 0.59921875 0.03359375 0.09765625
1 0.21796875 0.4796875 0.0265625 0.1
1 0.2546875 0.38828125 0.025 0.07265625
1 0.48125 0.41015625 0.021875 0.07109375
1 0.49921875 0.40625 0.02265625 0.07578125
1 0.609375 0.378125 0.02578125 0.07265625
1 0.65625 0.5078125 0.0390625 0.0890625
1 0.66796875 0.45390625 0.025 0.06875
1 0.6765625 0.38359375 0.0234375 0.05859375
1 0.7046875 0.409375 0.0296875 0.07421875
0 0.68515625 0.40078125 0.01171875 0.0234375
1 0.8734375 0.403125 0.03515625 0.09921875
1 0.7453125 0.74375 0.0453125 0.13203125
1 0.92578125 0.5671875 0.046875 0.11484375