1 0.12734375 0.28359375 0.02734375 0.07109375
2 0.0828125 0.50859375 0.04453125 0.11640625
1 0.07109375 0.65625 0.05390625 0.13828125
1 0.18515625 0.5828125 0.0515625 0.134375
1 0.21484375 0.43125 0.03125 0.090625
1 0.353125 0.39609375 0.0328125 0.10703125
1 0.453125 0.27578125 0.02265625 0.084375
1 0.5484375 0.39765625 0.03671875 0.1046875
1 0.57421875 0.79453125 0.03203125 0.1515625
1 0.6015625 0.8421875 0.04453125 0.17265625
1 0.615625 0.67578125 0.0359375 0.16171875
1 0.859375 0.47578125 0.02890625 0.125
1 0.83515625 0.3 0.02578125 0.07734375